Start of simulation
2020-04-11 13:02:24.965490
10
greens: 5.0 reds: 5.0 foods: 100 food regeneration/day: 10

birth,2.35,10,15,12,3,(255, 0, 0),7
birth,4.834,11,14,12,3.725882816978217,(0, 255, 0),4
birth,5.167,12,15,12,3,(255, 0, 0),1
birth,5.217,13,15,12,3,(255, 0, 0),10
death,5.586,3,0
birth,5.753,14,15,12,3,(255, 0, 0),5
birth,7.02,15,15,12,3,(255, 0, 0),12
birth,12.239,16,15,12,3,(255, 0, 0),5
death,12.889,13,0
birth,15.138,17,15,12,3,(255, 0, 0),9
death,16.545,7,4
death,17.652,14,1
birth,18.093,18,15,12,3,(255, 0, 0),1
death,18.207,6,3
death,18.522,15,1
birth,18.579,19,15,12,3,(255, 0, 0),5
death,19.82,4,5
death,22.054,2,4
death,22.101,17,0
death,22.341,11,4
death,22.638,16,1
death,24.01,18,0
birth,24.065,20,15,12,3,(255, 0, 0),19
death,24.607,9,7
death,24.75,0,5
death,24.785,8,5
death,24.874,12,5
death,25.159,10,6
birth,25.826,21,15,12,3,(255, 0, 0),19
birth,25.895,22,15,12,3,(255, 0, 0),19
birth,26.16,23,15,12,3,(255, 0, 0),19
death,27.416,5,11
birth,28.742,24,15,12,3,(255, 0, 0),19
death,29.949,22,0
death,30.033,21,0
birth,30.983,25,15,12,3,(255, 0, 0),23
birth,32.444,26,15,12,3,(255, 0, 0),19
death,35.833,24,1
death,36.043,25,0
birth,36.42,27,15,12,3,(255, 0, 0),19
birth,36.99,28,15,12,3,(255, 0, 0),19
birth,38.149,29,15,12,3,(255, 0, 0),19
death,38.328,1,14
birth,38.835,30,15,12,3,(255, 0, 0),28
birth,40.09,31,15,12,3,(255, 0, 0),23
birth,41.512,32,15,12,3,(255, 0, 0),29
birth,42.472,33,15,12,3,(255, 0, 0),20
birth,44.165,34,15,12,3,(255, 0, 0),20
birth,45.371,35,15,12,3,(255, 0, 0),20
birth,47.083,36,15,12,3,(255, 0, 0),33
death,48.223,27,1
birth,48.583,37,15,12,3,(255, 0, 0),20
birth,49.124,38,15,12,3,(255, 0, 0),35
birth,50.869,39,15,12,3,(255, 0, 0),20
birth,51.366,40,15,12,3,(255, 0, 0),35
death,51.905,32,0
death,55.471,23,10
birth,57.166,41,15,12,3,(255, 0, 0),33
death,58.61,28,4
death,59.009,26,4
birth,59.211,42,15,12,3,(255, 0, 0),41
death,60.322,38,0
birth,60.364,43,15,12,3,(255, 0, 0),33
death,61.654,34,1
death,62.556,39,0
death,63.06,40,0
birth,63.165,44,15,12,3,(255, 0, 0),42
birth,63.518,45,15,12,3,(255, 0, 0),19
birth,65.394,46,15,12,3,(255, 0, 0),30
death,66.651,35,5
death,66.763,20,18
birth,67.542,47,15,12,3,(255, 0, 0),33
birth,68.344,48,15,12,3,(255, 0, 0),36
birth,69.144,49,15,12,3,(255, 0, 0),43
birth,70.039,50,15,12,3,(255, 0, 0),19
birth,70.707,51,15,12,3,(255, 0, 0),46
birth,71.053,52,15,12,3,(255, 0, 0),33
death,71.406,37,2
birth,71.601,53,15,12,3,(255, 0, 0),49
birth,71.669,54,15,12,3,(255, 0, 0),36
birth,72.574,55,15,12,3,(255, 0, 0),42
birth,72.825,56,15,12,3,(255, 0, 0),46
death,73.967,44,0
birth,75.245,57,15,12,3,(255, 0, 0),36
birth,75.762,58,15,12,3,(255, 0, 0),46
birth,75.86,59,15,12,3,(255, 0, 0),42
birth,77.328,60,15,12,3,(255, 0, 0),31
birth,77.398,61,15,12,3,(255, 0, 0),51
birth,78.011,62,15,12,3,(255, 0, 0),56
birth,79.108,63,15,12,3,(255, 0, 0),36
birth,79.968,64,15,12,3,(255, 0, 0),46
birth,80.064,65,15,12,3,(255, 0, 0),41
death,82.709,45,1
death,84.328,50,0
birth,85.578,66,15,12,3,(255, 0, 0),62
birth,86.185,67,15,12,3,(255, 0, 0),66
birth,87.918,68,15,12,3,(255, 0, 0),41
birth,88.567,69,15,12,3,(255, 0, 0),19
birth,88.622,70,15,12,3,(255, 0, 0),43
birth,89.515,71,15,12,3,(255, 0, 0),62
death,89.744,47,1
death,90.122,57,0
birth,90.459,72,15,12,3,(255, 0, 0),29
birth,90.591,73,15,12,3,(255, 0, 0),56
birth,91.469,74,15,12,3,(255, 0, 0),41
birth,91.888,75,15,12,3,(255, 0, 0),67
death,92.659,61,0
death,93.423,60,0
death,95.453,64,0
death,97.12,51,3
birth,97.305,76,15,12,3,(255, 0, 0),41
birth,99.026,77,15,12,3,(255, 0, 0),41
birth,99.127,78,15,12,3,(255, 0, 0),41
death,99.671,30,9
death,100.199,36,12
death,100.804,46,9
birth,101.191,79,15,12,3,(255, 0, 0),19
birth,101.743,80,15,12,3,(255, 0, 0),55
death,102.151,68,0
birth,102.445,81,15,12,3,(255, 0, 0),41
death,103.381,71,0
death,103.947,73,0
birth,104.235,82,15,12,3,(255, 0, 0),55
death,105.248,74,0
death,105.376,75,0
birth,105.603,83,15,12,3,(255, 0, 0),81
death,105.716,48,3
death,106.986,31,10
death,107.691,65,2
death,107.746,62,5
death,108.394,69,1
death,108.508,70,1
death,109.431,78,0
death,109.96,77,0
death,110.66,59,3
death,111.061,58,3
death,111.477,33,16
death,111.654,52,4
death,112.274,49,6
death,113.299,67,4
death,113.496,76,1
death,113.57,42,11
death,113.573,72,2
death,113.6,83,0
death,115.245,43,10
death,115.686,82,1
birth,116.089,84,15,12,3,(255, 0, 0),56
death,116.267,19,41
death,117.827,54,6
death,118.001,55,9
death,118.215,29,15
death,118.343,81,4
birth,118.906,85,15,12,3,(255, 0, 0),63
birth,119.184,86,15,12,3,(255, 0, 0),63
death,119.247,41,23
death,119.458,80,3
death,120.061,84,0
death,121.652,56,13
death,122.838,66,9
death,123.781,63,12
birth,123.798,87,15,12,3,(255, 0, 0),85
birth,124.163,88,15,12,3,(255, 0, 0),79
death,124.476,53,10
birth,126.435,89,15,12,3,(255, 0, 0),88
birth,128.17,90,15,12,3,(255, 0, 0),79
death,128.336,87,1
birth,130.513,91,15,12,3,(255, 0, 0),89
death,130.646,86,5
birth,132.825,92,15,12,3,(255, 0, 0),88
birth,132.939,93,15,12,3,(255, 0, 0),88
death,135.181,85,9
birth,136.598,94,15,12,3,(255, 0, 0),91
birth,137.095,95,15,12,3,(255, 0, 0),93
birth,139.221,96,15,12,3,(255, 0, 0),90
birth,139.388,97,15,12,3,(255, 0, 0),93
birth,139.734,98,15,12,3,(255, 0, 0),91
birth,140.602,99,15,12,3,(255, 0, 0),92
birth,141.192,100,15,12,3,(255, 0, 0),98
death,142.22,89,6
birth,144.565,101,15,12,3,(255, 0, 0),99
death,147.106,88,12
birth,147.685,102,15,12,3,(255, 0, 0),90
birth,148.968,103,15,12,3,(255, 0, 0),101
death,149.673,94,1
birth,149.952,104,15,12,3,(255, 0, 0),101
birth,150.171,105,15,12,3,(255, 0, 0),101
death,150.544,79,18
birth,152.0,106,15,12,3,(255, 0, 0),101
death,152.427,93,6
birth,153.128,107,15,12,3,(255, 0, 0),103
death,155.542,95,2
death,156.163,98,3
birth,156.603,108,15,12,3,(255, 0, 0),106
birth,157.276,109,15,12,3,(255, 0, 0),96
birth,158.474,110,15,12,3,(255, 0, 0),106
death,158.656,99,3
birth,158.828,111,15,12,3,(255, 0, 0),105
birth,158.843,112,15,12,3,(255, 0, 0),109
birth,159.11,113,15,12,3,(255, 0, 0),91
birth,159.723,114,15,12,3,(255, 0, 0),96
death,162.059,92,6
birth,162.707,115,15,12,3,(255, 0, 0),100
birth,163.306,116,15,12,3,(255, 0, 0),97
birth,164.35,117,15,12,3,(255, 0, 0),114
birth,164.63,118,15,12,3,(255, 0, 0),96
birth,165.296,119,15,12,3,(255, 0, 0),117
birth,167.563,120,15,12,3,(255, 0, 0),116
birth,169.666,121,15,12,3,(255, 0, 0),91
birth,169.965,122,15,12,3,(255, 0, 0),97
death,170.216,90,11
birth,170.617,123,15,12,3,(255, 0, 0),119
birth,170.804,124,15,12,3,(255, 0, 0),118
death,170.977,111,0
death,171.281,107,1
birth,172.069,125,15,12,3,(255, 0, 0),118
death,172.282,102,2
birth,173.378,126,15,12,3,(255, 0, 0),124
birth,175.44,127,15,12,3,(255, 0, 0),121
birth,176.094,128,15,12,3,(255, 0, 0),126
birth,176.243,129,15,12,3,(255, 0, 0),123
birth,176.841,130,15,12,3,(255, 0, 0),109
death,177.697,110,1
birth,177.855,131,15,12,3,(255, 0, 0),109
birth,178.237,132,15,12,3,(255, 0, 0),116
birth,178.247,133,15,12,3,(255, 0, 0),112
birth,178.362,134,15,12,3,(255, 0, 0),129
birth,178.516,135,15,12,3,(255, 0, 0),129
birth,181.05,136,15,12,3,(255, 0, 0),116
death,182.164,108,2
birth,182.178,137,15,12,3,(255, 0, 0),118
death,182.418,122,0
death,183.626,103,5
death,183.755,101,11
death,185.666,97,9
birth,186.54,138,15,12,3,(255, 0, 0),116
death,186.755,91,16
death,186.885,120,1
death,187.582,104,4
birth,189.223,139,15,12,3,(255, 0, 0),137
death,189.445,132,0
death,189.524,135,0
birth,189.678,140,15,12,3,(255, 0, 0),137
death,189.782,133,0
death,189.987,117,4
birth,191.749,141,15,12,3,(255, 0, 0),137
death,192.272,119,4
birth,192.414,142,15,12,3,(255, 0, 0),96
death,192.436,112,5
death,192.705,115,3
death,192.836,128,1
death,193.407,109,9
death,193.412,130,1
death,194.008,131,1
death,194.062,106,8
death,194.444,125,2
death,194.521,134,1
death,194.655,105,7
birth,194.726,143,15,12,3,(255, 0, 0),137
death,195.071,121,4
death,195.159,113,4
death,195.417,138,0
death,195.589,123,4
death,195.601,118,8
death,195.726,136,1
death,196.08,100,9
death,196.18,127,2
death,196.78,114,6
death,197.871,142,0
death,198.491,139,1


Start of simulation
2020-04-11 13:28:31.811858
10
greens: 5.0 reds: 5.0 foods: 100 food regeneration/day: 10

birth,3.782,10,17,12,2.183937662955056,(0, 255, 0),8
birth,4.302,11,15,12,3,(255, 0, 0),1
death,5.229,2,0
birth,6.072,12,17,12,2.0494828188453598,(0, 255, 0),0
birth,6.863,13,14,12,4.235474748422514,(0, 255, 0),0
death,8.428,7,1
death,8.495,3,1
death,8.535,5,1
birth,8.799,14,17,12,2.5145835867360318,(0, 255, 0),0


Start of simulation
2020-04-11 13:32:52.643190
10
greens: 5.0 reds: 5.0 foods: 100 food regeneration/day: 10

birth;1.428;10;15;12;3;(255, 0, 0);3
birth;1.829;11;15;12;3.726273083430468;(0, 255, 0);6
birth;3.617;12;15;12;3;(255, 0, 0);9
death;5.745;8;0
birth;5.753;13;16;12;4.898847378211303;(0, 255, 0);11
death;6.063;4;0
birth;9.104;14;14;12;4.091332086970439;(0, 255, 0);6
birth;9.162;15;15;12;3;(255, 0, 0);1
death;9.352;7;1
death;10.844;3;3
birth;11.487;16;13;12;4.428738121567279;(0, 255, 0);14
birth;11.763;17;14;12;3.2822391058318496;(0, 255, 0);6
birth;12.004;18;16;12;2.914551128053844;(0, 255, 0);11
birth;12.007;19;12;12;5.816588368117005;(0, 255, 0);16
birth;13.228;20;15;12;3;(255, 0, 0);9
death;13.9;12;1
birth;14.119;21;14;12;4.134545036838064;(0, 255, 0);16
death;14.83;13;2
death;16.988;19;1
death;17.198;0;3
birth;17.605;22;15;12;3;(255, 0, 0);9
death;17.625;5;3
death;17.954;17;0
death;21.17;18;0
birth;21.21;23;15;12;3;(255, 0, 0);22
death;23.709;14;4
death;26.14;16;6
death;26.384;10;4
birth;26.529;24;15;12;3;(255, 0, 0);9
death;28.771;15;2
death;28.893;20;1
birth;30.053;25;15;12;3;(255, 0, 0);1


Start of simulation
2020-04-11 13:44:37.547291
50
greens: 25.0 reds: 25.0 foods: 50 food regeneration/day: 20

birth;8.196;50;15;12;3;(255, 0, 0);7
death;23.302;19;0
death;23.381;21;0
death;23.428;8;0
death;23.543;37;0
death;23.712;31;0
death;23.718;43;0
death;23.765;42;0
death;23.802;22;0
death;23.934;16;0
death;23.954;14;0
death;24.084;39;0
death;24.087;47;0
death;24.132;10;0
death;24.138;26;0
death;24.143;40;0
death;24.269;44;0
death;24.443;46;0
death;24.66;41;0
death;31.96;33;1
death;32.56;2;1
death;32.641;49;1
death;32.664;18;1
death;32.799;11;1
death;32.963;17;1
death;32.974;5;1
death;33.055;0;1
death;33.315;3;1
birth;37.978;51;15;12;2.5743219503258508;(0, 255, 0);38
death;40.059;15;2
death;40.072;9;2
death;40.223;27;2
death;40.324;48;2
death;40.342;1;2
death;40.747;20;2
death;40.969;23;2
death;40.994;4;2
death;41.382;29;2
death;44.703;50;2
birth;46.955;52;16;12;2.5793159442681324;(0, 255, 0);28
death;47.106;6;3
birth;47.226;53;15;12;3;(255, 0, 0);13
death;47.271;34;3
death;47.519;45;3
death;47.754;36;3
death;50.623;7;5
birth;50.631;54;15;12;3;(255, 0, 0);35
death;52.967;30;4
death;54.767;38;6
birth;57.583;55;14;12;3.655004333723255;(0, 255, 0);24
death;59.476;25;5
birth;59.529;56;17;12;4.293119750309453;(0, 255, 0);24
death;65.558;53;1
birth;67.106;57;15;12;4.179026395583698;(0, 255, 0);55
death;69.421;56;0
birth;69.564;58;15;12;3.875276470543695;(0, 255, 0);24
birth;70.353;59;14;12;3.8178355434303803;(0, 255, 0);28
death;71.181;13;8
birth;73.822;60;15;12;3;(255, 0, 0);54
death;76.284;32;7
birth;79.966;61;15;12;3;(255, 0, 0);54
birth;81.61;62;15;12;4.602650175965302;(0, 255, 0);57
birth;82.038;63;15;12;3;(255, 0, 0);54
birth;85.108;64;18;12;2.832960047700987;(0, 255, 0);52
birth;86.539;65;16;12;2.772153073078501;(0, 255, 0);24
birth;87.768;66;17;12;3.588414336921993;(0, 255, 0);24
birth;88.191;67;18;12;4.00232170221088;(0, 255, 0);66
death;91.203;59;1
birth;91.67;68;18;12;4.001723057167034;(0, 255, 0);66
birth;92.318;69;20;12;2.0771781405828493;(0, 255, 0);64
death;92.413;55;5
birth;92.585;70;17;12;2.2994648924224066;(0, 255, 0);52
birth;93.806;71;17;12;3.463911888291643;(0, 255, 0);24
birth;95.15;72;17;12;3.059408061126498;(0, 255, 0);64
birth;96.46;73;15;12;3.1375793891249506;(0, 255, 0);52
death;101.821;51;5
death;102.126;58;2
birth;103.478;74;17;12;3.077530489125805;(0, 255, 0);73
birth;105.134;75;17;12;3.6896944537596195;(0, 255, 0);24
birth;105.758;76;15;12;4.466509181591192;(0, 255, 0);24
birth;107.769;77;20;12;3.0779969684427995;(0, 255, 0);64
death;115.822;12;10
death;116.91;68;0
death;118.125;57;6
death;121.009;35;12
death;122.285;61;1
birth;122.416;78;16;12;2.9922806299006366;(0, 255, 0);70
death;122.432;54;10
birth;124.504;79;15;12;3;(255, 0, 0);63
death;125.472;76;0
death;126.233;60;2
birth;127.308;80;14;12;2.98227366907207;(0, 255, 0);73
birth;127.547;81;16;12;5.321208326388945;(0, 255, 0);62
birth;130.283;82;15;12;4.873709986823969;(0, 255, 0);62
birth;130.356;83;18;12;5.376556459201067;(0, 255, 0);75
birth;133.012;84;18;12;5.267059668432572;(0, 255, 0);81
birth;133.691;85;17;12;4.5345335752158356;(0, 255, 0);73
birth;135.143;86;17;12;3.6425974731982596;(0, 255, 0);81
death;135.909;71;1
death;139.293;65;1
birth;140.364;87;14;12;3.538670113855274;(0, 255, 0);80
death;143.428;66;6
birth;144.179;88;16;12;3.6081038168151665;(0, 255, 0);86
birth;144.591;89;17;12;5.064075646394405;(0, 255, 0);81
birth;146.795;90;15;12;3.6613248803596177;(0, 255, 0);24
birth;147.59;91;17;12;4.065955668203703;(0, 255, 0);67
birth;148.541;92;19;12;3.1256158430646432;(0, 255, 0);86
birth;149.214;93;20;12;5.906701630409619;(0, 255, 0);67
death;149.34;82;0
birth;150.966;94;19;12;4.212183199810728;(0, 255, 0);67
birth;152.001;95;16;12;4.931816127251488;(0, 255, 0);87
birth;152.974;96;15;12;3.5592636507529765;(0, 255, 0);81
death;154.509;84;0
birth;156.264;97;17;12;2.5780016290772267;(0, 255, 0);86
death;156.63;83;1
birth;157.236;98;21;12;3.9943028370184903;(0, 255, 0);77
birth;157.851;99;21;12;3.9887702684632167;(0, 255, 0);77
birth;158.159;100;21;12;3.4304410426978524;(0, 255, 0);94
birth;160.41;101;19;12;6.531602441735704;(0, 255, 0);93
birth;162.699;102;18;12;2.228430835636905;(0, 255, 0);64
birth;168.139;103;19;12;3.4412590991121697;(0, 255, 0);86
birth;168.805;104;18;12;3.441436851274562;(0, 255, 0);89
birth;169.09;105;21;12;6.887015391978599;(0, 255, 0);93
death;169.208;28;16
death;169.28;63;5
birth;169.81;106;20;12;4.751590427818302;(0, 255, 0);100
birth;170.587;107;13;12;5.157154988551878;(0, 255, 0);87
birth;176.824;108;14;12;5.157755707879554;(0, 255, 0);107
birth;178.351;109;19;12;3.329562472676546;(0, 255, 0);86
birth;179.606;110;15;12;2.425624583644179;(0, 255, 0);73
birth;179.744;111;12;12;6.508639036689777;(0, 255, 0);107
birth;182.406;112;15;12;3.5959205070267166;(0, 255, 0);110
birth;182.43;113;19;12;1.8293963020151598;(0, 255, 0);97
birth;182.902;114;12;12;5.281289937754604;(0, 255, 0);111
birth;185.294;115;15;12;6.227612547652723;(0, 255, 0);107
death;185.308;75;6
death;186.045;90;1
death;186.266;88;1
death;187.765;81;11
birth;190.206;116;12;12;5.700879042640875;(0, 255, 0);107
birth;191.061;117;12;12;4.949203754459288;(0, 255, 0);116
death;191.101;67;12
death;192.298;94;3
death;193.503;108;0
death;193.746;99;0
death;194.168;101;2
death;194.558;72;4
death;195.382;78;2
death;195.656;70;5
death;195.931;95;2
death;196.336;105;1
birth;196.709;118;13;12;5.271590757568861;(0, 255, 0);116
birth;197.487;119;17;12;2.851717252258791;(0, 255, 0);110
death;197.802;89;5
death;199.153;85;4
death;199.742;69;2
death;199.857;91;2
death;200.562;93;8
death;201.592;103;0
death;203.427;117;0
death;204.208;111;4
death;204.516;115;1
death;207.925;86;13
death;208.602;64;13
birth;208.874;120;14;12;4.1335096349907126;(0, 255, 0);107
birth;210.032;121;13;12;4.797116928021341;(0, 255, 0);87
death;210.531;116;4
death;212.082;80;5
death;212.182;92;2
birth;212.728;122;19;12;3.281577700193968;(0, 255, 0);109
death;213.097;112;1
birth;214.386;123;13;12;6.018985037644004;(0, 255, 0);114
birth;216.62;124;17;12;4.094801161631374;(0, 255, 0);73
birth;217.425;125;12;12;7.513834541972668;(0, 255, 0);118
birth;217.536;126;12;12;6.999408289409706;(0, 255, 0);114
death;219.579;100;5
death;220.231;121;0
death;220.65;119;0
death;220.97;120;0
death;221.421;74;6
death;222.705;107;13
death;223.451;126;0
death;224.333;102;1
death;225.577;98;4
birth;225.603;127;15;12;5.267256995468403;(0, 255, 0);62
birth;226.063;128;17;12;5.208789684537125;(0, 255, 0);96
death;226.355;123;1
death;226.749;125;1
death;226.802;106;5
birth;227.668;129;18;12;4.811024186035251;(0, 255, 0);109
death;228.953;114;9
death;229.086;118;6
birth;229.677;130;21;12;4.689324694904902;(0, 255, 0);109
death;229.985;87;11
death;230.05;122;0
birth;230.374;131;17;12;3.1755439283754816;(0, 255, 0);62
birth;231.436;132;19;12;2.5346329760965554;(0, 255, 0);104
death;233.553;79;6
death;234.065;128;0
death;234.158;24;34
birth;234.936;133;19;12;2.7550351439136374;(0, 255, 0);131
death;235.065;110;6
birth;236.328;134;18;12;3.0110722061238384;(0, 255, 0);131
death;236.604;127;1
birth;236.702;135;22;12;3.273409530022293;(0, 255, 0);130
birth;238.722;136;18;12;3.2041166230393765;(0, 255, 0);131
death;239.133;124;2
birth;240.743;137;18;12;3.61523286697727;(0, 255, 0);97
birth;241.846;138;20;12;3.830401679794371;(0, 255, 0);109
death;242.137;62;24
death;244.126;129;2
birth;246.716;139;17;12;3.9021490891342943;(0, 255, 0);136
death;246.959;52;19
birth;249.201;140;23;12;4.232162613192372;(0, 255, 0);135
death;249.493;138;0
death;251.106;130;6
birth;251.123;141;18;12;2.6456684929732877;(0, 255, 0);104
death;251.365;132;1
death;251.442;77;15
death;253.218;96;12
birth;253.743;142;19;12;4.688705278747718;(0, 255, 0);109
birth;254.069;143;17;12;4.444882042279361;(0, 255, 0);104
birth;254.088;144;20;12;3.8761948268676205;(0, 255, 0);109
death;254.214;137;2
birth;255.554;145;19;12;4.946241745575031;(0, 255, 0);142
death;256.939;131;9
birth;257.438;146;20;12;4.20739383349413;(0, 255, 0);109
birth;259.323;147;20;12;2.581437538824769;(0, 255, 0);109
birth;260.266;148;16;12;4.660520780895875;(0, 255, 0);139
birth;260.283;149;18;12;2.6928330552280784;(0, 255, 0);109
death;260.886;97;12
birth;261.362;150;18;12;5.118964696229505;(0, 255, 0);142
death;261.631;140;1
birth;262.062;151;19;12;6.5769899833649905;(0, 255, 0);142
death;263.131;136;6
birth;264.076;152;20;12;5.774917871461762;(0, 255, 0);151
birth;264.454;153;21;12;9.25921827924541;(0, 255, 0);151
death;265.279;134;4
birth;265.831;154;21;12;6.439971730283538;(0, 255, 0);142
death;266.45;113;4
birth;266.584;155;21;12;3.410028384134106;(0, 255, 0);146
birth;267.343;156;20;12;12.646394794383852;(0, 255, 0);153
birth;267.579;157;21;12;9.321174007667826;(0, 255, 0);156
birth;268.854;158;23;12;4.524463983960267;(0, 255, 0);154
death;268.872;143;2
birth;270.381;159;19;12;4.7678038991028435;(0, 255, 0);109
death;271.264;73;24
birth;271.713;160;22;12;3.899971874999256;(0, 255, 0);146
death;272.539;144;2
death;272.679;104;19
death;272.789;153;4
birth;272.791;161;18;12;3.7403111362875316;(0, 255, 0);159
death;272.922;157;0
death;273.01;156;4
birth;273.257;162;15;12;6.600841262228199;(0, 255, 0);148
birth;273.884;163;18;12;4.427895905427555;(0, 255, 0);148
birth;274.593;164;22;12;4.558339157501282;(0, 255, 0);135
birth;275.836;165;20;12;4.559216981926965;(0, 255, 0);151
birth;276.418;166;22;12;2.514855183849596;(0, 255, 0);155
death;276.786;154;4
death;277.601;150;3
birth;277.708;167;18;12;2.489685073014825;(0, 255, 0);149
death;277.771;162;0
death;277.851;139;8
death;279.138;142;13
birth;279.245;168;18;12;3.9408705772378703;(0, 255, 0);133
birth;280.018;169;20;12;4.831500650179116;(0, 255, 0);165
birth;280.95;170;17;12;3.025826257407611;(0, 255, 0);168
death;281.929;160;0
birth;282.212;171;19;12;3.2893864540920434;(0, 255, 0);168
death;282.249;152;4
death;283.174;151;13
death;283.254;164;0
birth;283.528;172;24;12;2.9604647248973426;(0, 255, 0);135
death;285.096;163;1
death;286.057;148;9
birth;286.285;173;20;12;4.83972290555977;(0, 255, 0);168
death;286.355;145;7
death;289.258;146;10
death;289.394;109;37
death;290.311;155;5
birth;290.437;174;19;12;4.19780511755965;(0, 255, 0);171
birth;290.704;175;18;12;2.7048232133843326;(0, 255, 0);133
birth;290.861;176;20;12;6.76601593924117;(0, 255, 0);169
death;291.17;158;4
birth;291.566;177;19;12;4.649220684391325;(0, 255, 0);171
death;292.129;166;0
birth;292.993;178;20;12;2.2921580353249755;(0, 255, 0);171
death;293.626;165;5
birth;294.837;179;19;12;4.487629652909531;(0, 255, 0);171
birth;295.792;180;19;12;4.047281724066825;(0, 255, 0);179
death;296.151;176;0
death;296.701;167;1
death;298.376;168;8
death;298.424;159;8
death;299.013;147;4
death;300.709;173;2
death;300.828;169;6
birth;304.936;181;19;12;4.6984203591171365;(0, 255, 0);171
death;305.729;174;2
death;306.967;178;0
death;307.923;133;14
death;310.559;179;5
death;310.88;141;8
birth;311.318;182;20;12;4.465722065816941;(0, 255, 0);161
birth;311.892;183;22;12;6.150355521075062;(0, 255, 0);182
birth;312.182;184;18;12;2.3314745510728656;(0, 255, 0);171
birth;312.585;185;22;12;3.306855541208436;(0, 255, 0);182
birth;313.169;186;22;12;4.688715421787339;(0, 255, 0);185
birth;313.507;187;19;12;2.4670446239491235;(0, 255, 0);175
birth;314.14;188;19;12;4.6862143281159305;(0, 255, 0);182
birth;315.78;189;20;12;6.816987649184891;(0, 255, 0);188
birth;316.738;190;21;12;5.1134627638538745;(0, 255, 0);182
birth;316.877;191;20;12;4.860265863853417;(0, 255, 0);161
birth;316.999;192;19;12;8.432599078404703;(0, 255, 0);189
birth;317.968;193;22;12;4.685699241834797;(0, 255, 0);186
death;318.363;183;0
death;319.341;180;4
death;319.502;172;4
birth;319.793;194;18;12;2.8236929545696583;(0, 255, 0);175
birth;320.155;195;19;12;5.465360857767484;(0, 255, 0);191
birth;320.196;196;21;12;7.21197352677555;(0, 255, 0);192
birth;320.793;197;19;12;8.707054373450239;(0, 255, 0);192
birth;321.134;198;18;12;3.987409783543935;(0, 255, 0);170
birth;321.185;199;22;12;4.278774648003641;(0, 255, 0);191
death;322.009;177;7
birth;322.237;200;23;12;3.8056180536854844;(0, 255, 0);185
birth;322.607;201;21;12;12.46240473719342;(0, 255, 0);197
birth;322.683;202;20;12;5.545425490088786;(0, 255, 0);182
death;322.967;181;3
birth;324.505;203;24;12;4.410355517754782;(0, 255, 0);199
birth;325.028;204;21;12;5.683319641750368;(0, 255, 0);191
birth;325.197;205;18;12;3.0805130542674863;(0, 255, 0);175
death;326.41;189;3
birth;327.071;206;19;12;6.134647166686686;(0, 255, 0);182
death;328.721;188;3
birth;329.48;207;19;12;5.155424386935021;(0, 255, 0);195
birth;329.648;208;19;12;3.899788865131655;(0, 255, 0);191
birth;330.094;209;21;12;5.2390850936195745;(0, 255, 0);207
birth;330.998;210;19;12;8.58626914679688;(0, 255, 0);206
birth;331.976;211;19;12;5.7582985502533885;(0, 255, 0);202
birth;332.03;212;21;12;4.254683777678888;(0, 255, 0);195
death;332.16;197;4
death;332.593;201;3
death;332.985;186;4
death;333.387;192;8
birth;333.63;213;20;12;7.25365098930608;(0, 255, 0);206
death;333.96;196;2
birth;334.349;214;19;12;6.950101505966918;(0, 255, 0);195
death;334.44;190;2
birth;334.452;215;24;12;5.6774536368075434;(0, 255, 0);193
birth;335.563;216;20;12;3.97638915776548;(0, 255, 0);198
death;336.6;149;12
death;336.694;184;1
death;338.175;161;17
death;339.352;211;0
death;339.575;213;0
death;340.151;199;4
death;340.197;182;17
death;341.462;210;2
death;342.288;209;1
death;342.601;202;5
death;342.714;206;7
death;342.773;214;1
death;343.722;215;0
death;345.457;203;2
birth;345.7;217;24;12;5.148641422547587;(0, 255, 0);193
death;346.041;135;28
death;346.117;200;2
death;346.415;195;12
birth;346.714;218;19;12;7.133066465675377;(0, 255, 0);207
death;347.24;198;5
death;347.7;204;5
death;348.714;171;24
death;349.748;170;13
birth;350.853;219;24;12;2.3611854647756054;(0, 255, 0);185
birth;351.311;220;23;12;3.893657752220484;(0, 255, 0);212
birth;352.039;221;20;12;6.091415038751622;(0, 255, 0);212
death;352.262;217;0
death;352.669;205;3
death;354.398;218;2
birth;354.692;222;21;12;6.459774335788309;(0, 255, 0);191
birth;355.247;223;17;12;3.2750742884492423;(0, 255, 0);175
birth;356.87;224;21;12;7.953401222934744;(0, 255, 0);221
birth;357.045;225;25;12;4.395195765255772;(0, 255, 0);220
birth;357.536;226;21;12;7.394951357936284;(0, 255, 0);224
birth;358.245;227;23;12;8.091152742844493;(0, 255, 0);224
birth;358.379;228;22;12;8.363938982676775;(0, 255, 0);221
birth;359.945;229;22;12;4.871509762934981;(0, 255, 0);220
death;360.24;212;11
birth;360.358;230;23;12;7.55321627357979;(0, 255, 0);224
death;360.602;207;13
death;360.856;193;15
birth;361.275;231;20;12;4.33797480685724;(0, 255, 0);216
death;362.329;226;0
birth;362.343;232;19;12;2.569555942272585;(0, 255, 0);194
death;364.147;228;1
birth;364.149;233;20;12;4.372080155650863;(0, 255, 0);231
birth;364.967;234;23;12;6.9705613284940116;(0, 255, 0);227
death;365.353;187;6
death;365.44;221;8
death;365.714;222;3
death;366.023;230;0
death;366.379;191;23
death;367.081;224;10
death;367.64;229;0
death;369.343;234;0
death;369.554;227;7
death;369.754;219;1
birth;369.9;235;22;12;5.716195459433714;(0, 255, 0);220
birth;370.454;236;24;12;5.478507142240189;(0, 255, 0);220
death;370.519;185;17
birth;370.743;237;20;12;3.253595478104313;(0, 255, 0);216
birth;371.543;238;18;12;2.2767403260025407;(0, 255, 0);175
birth;371.609;239;26;12;4.269762806388499;(0, 255, 0);236
birth;371.716;240;20;12;5.336040317938313;(0, 255, 0);231
birth;371.841;241;22;12;5.951123582824141;(0, 255, 0);231
birth;372.095;242;22;12;5.138885180439429;(0, 255, 0);240
birth;372.241;243;20;12;7.848560189142749;(0, 255, 0);240
birth;372.677;244;22;12;11.182436118471516;(0, 255, 0);243
death;373.1;233;1
death;373.271;223;3
birth;374.398;245;22;12;6.785857799304251;(0, 255, 0);242
birth;374.46;246;22;12;6.855505955211127;(0, 255, 0);240
death;374.725;225;3
birth;374.89;247;20;12;5.593050168494025;(0, 255, 0);240
birth;376.256;248;22;12;4.017622575570691;(0, 255, 0);240
birth;376.984;249;22;12;7.599075969538568;(0, 255, 0);247
death;378.204;235;1
death;378.249;241;0
death;378.79;244;1
birth;378.829;250;21;12;4.486927624030523;(0, 255, 0);248
death;379.101;243;3
birth;379.11;251;21;12;6.182768043091402;(0, 255, 0);242
death;380.661;237;0
birth;380.833;252;23;12;4.22756845791244;(0, 255, 0);220
birth;380.851;253;26;12;4.252189339586978;(0, 255, 0);239
birth;380.893;254;22;12;5.94370530410953;(0, 255, 0);242
birth;381.091;255;24;12;4.063593547751893;(0, 255, 0);242
death;381.279;236;4
birth;383.504;256;25;12;5.830024860703304;(0, 255, 0);253
death;383.976;232;2
birth;384.036;257;24;12;7.260418535438046;(0, 255, 0);256
birth;384.04;258;25;12;2.9418340799524536;(0, 255, 0);239
death;385.085;247;4
death;385.527;231;12
birth;387.375;259;22;12;5.127197130902132;(0, 255, 0);242
death;387.44;249;3
death;387.544;175;24
birth;387.802;260;21;12;6.14344334512171;(0, 255, 0);251
death;387.946;245;4
birth;388.434;261;21;12;3.8680391885901857;(0, 255, 0);242
death;388.934;216;17
birth;389.068;262;22;12;4.148436939376952;(0, 255, 0);250
death;389.826;246;5
birth;391.044;263;23;12;8.782858416595534;(0, 255, 0);251
death;391.354;254;2
death;392.878;240;16
death;393.386;256;4
death;393.664;220;22
death;394.1;253;4
death;394.596;239;10
birth;395.003;264;21;12;2.95656067110544;(0, 255, 0);261
birth;395.278;265;24;12;5.507042103709917;(0, 255, 0);252
birth;396.768;266;21;12;3.5965914008906807;(0, 255, 0);264
death;397.272;251;11
death;397.309;257;6
death;397.499;208;17
death;397.664;260;3
death;398.323;194;14
death;398.495;238;3
death;398.647;250;7
death;399.103;263;3
death;399.53;259;3
birth;399.693;267;25;12;3.052780291839846;(0, 255, 0);255
birth;399.864;268;24;12;2.4114963646721987;(0, 255, 0);267
birth;399.887;269;23;12;5.197410273068574;(0, 255, 0);261
death;400.249;265;0
death;400.833;262;2
death;401.328;248;8
death;402.217;242;25
birth;403.209;270;24;12;3.5981234820121513;(0, 255, 0);258
death;403.814;269;0
birth;404.263;271;22;12;2.8504450730582223;(0, 255, 0);261
birth;404.947;272;24;12;3.797112898883755;(0, 255, 0);258
birth;406.661;273;20;12;4.006287024674295;(0, 255, 0);261
death;409.693;264;4
death;409.864;267;3
birth;411.744;274;21;12;3.208264069633623;(0, 255, 0);271
death;412.256;255;11
birth;413.578;275;27;12;4.108415772832364;(0, 255, 0);258
death;414.196;252;13
death;414.713;268;1
death;418.392;261;17
birth;418.813;276;22;12;2.634420671456273;(0, 255, 0);271
death;419.133;272;2
death;419.275;273;2
birth;419.973;277;24;12;5.042359145017068;(0, 255, 0);270
birth;420.774;278;26;12;6.185601751359578;(0, 255, 0);277
death;420.963;266;6
birth;421.054;279;23;12;5.128228822850352;(0, 255, 0);270
birth;422.168;280;20;12;2.242286226764157;(0, 255, 0);274
birth;423.4;281;24;12;4.707681722645391;(0, 255, 0);277
birth;424.122;282;20;12;4.776593940080886;(0, 255, 0);274
birth;424.366;283;21;12;4.460744895390961;(0, 255, 0);282
birth;424.406;284;26;12;6.389371083104785;(0, 255, 0);277
birth;425.127;285;28;12;4.934264049545432;(0, 255, 0);284
birth;425.336;286;22;12;4.969054028558484;(0, 255, 0);283
birth;426.722;287;28;12;7.160728060918214;(0, 255, 0);284
birth;427.015;288;20;12;4.935166890069018;(0, 255, 0);283
birth;428.68;289;25;12;8.835680755225926;(0, 255, 0);284
birth;429.114;290;23;12;3.4170398803546487;(0, 255, 0);286
birth;429.768;291;23;12;6.740251904510075;(0, 255, 0);286
death;430.416;279;0
birth;431.477;292;22;12;2.9727192490713072;(0, 255, 0);274
birth;431.949;293;25;12;8.31764656715165;(0, 255, 0);284
birth;432.494;294;27;12;4.153819844513496;(0, 255, 0);275
birth;432.729;295;21;12;2.3358578406094095;(0, 255, 0);276
birth;432.856;296;21;12;4.5735346818704645;(0, 255, 0);288
birth;433.423;297;27;12;3.9692565244388205;(0, 255, 0);258
birth;434.194;298;25;12;11.692169172904444;(0, 255, 0);293
birth;435.174;299;27;12;3.9989569586462483;(0, 255, 0);275
birth;436.529;300;23;12;4.199546477952852;(0, 255, 0);277
birth;438.23;301;26;12;4.414135179582535;(0, 255, 0);275
birth;439.599;302;26;12;4.428104796045942;(0, 255, 0);299
birth;439.661;303;23;12;7.185516407437072;(0, 255, 0);277
birth;440.329;304;27;12;8.680257671121517;(0, 255, 0);287
birth;440.58;305;22;12;5.209778369962284;(0, 255, 0);300
birth;440.916;306;27;12;3.2688466515373067;(0, 255, 0);294
birth;441.063;307;20;12;6.6693296293505595;(0, 255, 0);282
birth;441.297;308;27;12;5.488302955772934;(0, 255, 0);294
birth;441.456;309;24;12;4.122997643253416;(0, 255, 0);305
birth;442.267;310;25;12;6.852111434877591;(0, 255, 0);278
birth;442.777;311;28;12;5.75586859623165;(0, 255, 0);302
birth;442.8;312;24;12;2.125482085433224;(0, 255, 0);276
birth;443.085;313;22;12;6.4194717315088;(0, 255, 0);305
birth;443.36;314;24;12;4.94361169112557;(0, 255, 0);300
death;443.389;291;1
death;443.392;298;0
birth;444.67;315;23;12;3.5190439215286133;(0, 255, 0);270
birth;445.622;316;27;12;5.4924858981861995;(0, 255, 0);294
birth;445.796;317;26;12;7.885058144581599;(0, 255, 0);310
birth;447.169;318;22;12;4.212042020193218;(0, 255, 0);305
death;447.424;283;6
birth;447.432;319;23;12;7.455011711672411;(0, 255, 0);305
death;447.514;289;4
birth;447.819;320;23;12;3.588213803016694;(0, 255, 0);318
death;447.937;285;1
death;449.891;304;0
birth;449.988;321;29;12;7.833443489203099;(0, 255, 0);316
death;451.079;293;6
birth;452.531;322;22;12;4.65001241264763;(0, 255, 0);290
death;453.185;307;1
birth;454.207;323;26;12;2.900584911689865;(0, 255, 0);294
death;454.775;287;8
death;455.66;319;0
death;455.707;313;1
birth;455.838;324;22;12;3.51503798364997;(0, 255, 0);322
birth;455.934;325;24;12;3.902847801981927;(0, 255, 0);322
death;456.107;303;2
death;456.204;284;16
birth;456.554;326;23;12;4.899137289388346;(0, 255, 0);290
death;456.732;295;0
death;456.738;317;1
birth;457.192;327;24;12;5.030391645869768;(0, 255, 0);315
death;457.344;271;11
death;457.719;314;0
death;457.764;281;4
birth;457.924;328;27;12;4.059356253715727;(0, 255, 0);294
death;458.366;278;10
death;458.567;311;0
death;458.601;321;0
death;458.791;277;19
death;459.038;275;14
birth;459.099;329;21;12;3.72485084028394;(0, 255, 0);305
death;459.462;286;9
death;459.611;288;6
death;460.373;258;22
death;460.613;308;2
death;460.956;306;0
birth;460.999;330;22;12;2.6963303975725115;(0, 255, 0);329
death;461.149;310;6
birth;462.007;331;26;12;3.0434985616830286;(0, 255, 0);302
death;462.063;318;3
death;462.345;301;2
death;462.717;282;10
birth;463.188;332;22;12;3.722596190098578;(0, 255, 0);290
death;463.938;316;5
death;464.621;327;0
birth;464.837;333;24;12;6.190473677408496;(0, 255, 0);322
death;464.838;326;0
death;464.934;280;3
death;465.106;296;5
death;465.546;276;8
birth;466.695;334;26;12;5.938973000018022;(0, 255, 0);297
death;469.758;325;1
death;469.825;315;5
death;470.259;309;4
death;471.356;329;4
death;471.634;302;11
death;472.233;320;3
death;473.471;270;21
death;473.679;305;20
birth;473.775;335;22;12;3.8549433186317232;(0, 255, 0);274
death;473.804;294;21
death;474.082;300;12
death;475.111;333;3
death;475.489;334;2
death;475.745;324;3
birth;475.922;336;26;12;5.427847256546681;(0, 255, 0);297
birth;476.534;337;21;12;2.8044545750915537;(0, 255, 0);335
death;476.699;330;1
birth;477.945;338;29;12;4.239218213894624;(0, 255, 0);328
death;478.858;322;14
death;479.989;323;3
death;480.76;299;11
death;482.342;312;3
death;482.758;290;16
death;485.658;338;0
birth;486.795;339;22;12;4.401886294081978;(0, 255, 0);274
death;487.551;336;4
birth;488.046;340;23;12;3.1252433974828167;(0, 255, 0);339
birth;488.51;341;21;12;5.57132864979882;(0, 255, 0);332
birth;489.542;342;22;12;7.3903261922929815;(0, 255, 0);341
death;491.725;328;12
birth;493.055;343;23;12;2.8795976329601833;(0, 255, 0);274
death;493.814;342;0
birth;493.993;344;28;12;2.951105853404409;(0, 255, 0);297
birth;494.825;345;20;12;7.31204539553515;(0, 255, 0);341
birth;495.354;346;22;12;7.252777665644937;(0, 255, 0);341
birth;495.402;347;23;12;4.664960702142534;(0, 255, 0);341
birth;495.874;348;22;12;9.083181302179506;(0, 255, 0);345
birth;497.57;349;22;12;4.662458513970618;(0, 255, 0);347
death;498.068;339;4
death;501.211;348;0
birth;503.136;350;28;12;3.719940415170302;(0, 255, 0);331
birth;503.427;351;22;12;6.14766239621843;(0, 255, 0);347
birth;504.13;352;20;12;3.41485878674299;(0, 255, 0);337
death;505.357;346;2
death;506.271;345;5
birth;506.289;353;21;12;4.294923088373046;(0, 255, 0);332
birth;506.614;354;23;12;3.9176463414232456;(0, 255, 0);292
birth;506.832;355;21;12;2.2021483419438472;(0, 255, 0);292
birth;508.078;356;21;12;9.086575309667104;(0, 255, 0);351
birth;508.286;357;21;12;8.945832636582237;(0, 255, 0);351
birth;508.515;358;22;12;2.9186519563718036;(0, 255, 0);332
birth;509.01;359;20;12;11.431737170056557;(0, 255, 0);356
death;509.273;341;14
death;509.368;335;11
birth;509.421;360;20;12;13.139090901020696;(0, 255, 0);357
birth;509.721;361;21;12;18.830002474834338;(0, 255, 0);360
birth;510.22;362;28;12;2.840376089153967;(0, 255, 0);350
birth;510.598;363;20;12;27.050445430450434;(0, 255, 0);361
birth;511.135;364;24;12;2.564483084145057;(0, 255, 0);343
birth;511.6;365;23;12;2.8782677792166496;(0, 255, 0);340
birth;511.704;366;21;12;19.238148031528624;(0, 255, 0);361
birth;511.753;367;22;12;5.910363660189517;(0, 255, 0);347
birth;512.468;368;25;12;5.793998716946008;(0, 255, 0);347
birth;513.048;369;23;12;4.221090457817457;(0, 255, 0);292
death;514.337;363;2
death;515.452;356;3
death;515.517;360;4
death;516.329;361;6
birth;516.495;370;24;12;3.3223831180887284;(0, 255, 0);340
death;516.728;366;0
death;517.286;297;27
birth;517.474;371;21;12;2.351843771886903;(0, 255, 0);274
death;517.493;352;0
birth;517.657;372;24;12;8.702560587145769;(0, 255, 0);367
death;518.161;357;4
death;518.254;351;7
birth;518.42;373;22;12;2.6702888393571307;(0, 255, 0);332
birth;518.652;374;27;12;3.411350700096877;(0, 255, 0);331
death;518.834;359;3
birth;519.031;375;27;12;3.97794564522802;(0, 255, 0);344
birth;520.191;376;24;12;3.7142057319562998;(0, 255, 0);340
death;520.341;354;0
death;523.415;372;0
death;525.247;369;0
death;525.689;353;2
birth;525.791;377;23;12;5.693052244093237;(0, 255, 0);367
birth;525.942;378;23;12;2.9604374654840666;(0, 255, 0);373
birth;526.645;379;25;12;2.1280844855630106;(0, 255, 0);378
death;529.355;368;2
death;530.182;349;6
birth;530.605;380;27;12;2.957746936134115;(0, 255, 0);374
death;533.124;274;41
death;533.579;347;17
death;533.715;337;10
death;533.787;350;6
death;535.126;371;0
birth;536.825;381;21;12;1.572488414748077;(0, 255, 0);355
death;538.406;367;11
death;538.744;364;1
death;538.768;292;24
birth;539.393;382;22;12;3.411893319437866;(0, 255, 0);358
birth;540.872;383;21;12;4.569326611396824;(0, 255, 0);382
birth;541.149;384;23;12;3.489083802053296;(0, 255, 0);340
death;542.053;377;3
death;543.707;344;8
birth;543.94;385;22;12;6.327087287111382;(0, 255, 0);383
death;544.148;331;21
death;546.05;376;3
birth;547.144;386;24;12;3.5763166065311;(0, 255, 0);340
birth;547.756;387;25;12;4.129482064019656;(0, 255, 0);365
birth;548.669;388;23;12;3.077956085648396;(0, 255, 0);378
birth;549.165;389;21;12;3.4949916859035035;(0, 255, 0);382
birth;549.563;390;27;12;3.611930023794411;(0, 255, 0);374
birth;550.578;391;26;12;4.4587710538279985;(0, 255, 0);370
birth;552.161;392;24;12;4.263348693668609;(0, 255, 0);365
birth;552.201;393;25;12;3.888211181594638;(0, 255, 0);370
birth;552.498;394;26;12;5.367700490507894;(0, 255, 0);392
death;553.347;385;1
death;554.505;384;0
death;555.863;375;5
death;556.332;332;32
birth;556.606;395;24;12;3.3861929427065656;(0, 255, 0);388
birth;556.718;396;25;12;2.950128323755824;(0, 255, 0);392
birth;556.936;397;24;12;3.4144929825371304;(0, 255, 0);392
death;560.873;387;0
death;562.874;394;0
death;563.033;362;5
birth;564.381;398;22;12;4.95515170151261;(0, 255, 0);382
birth;564.417;399;22;12;2.6431666926419553;(0, 255, 0);388
birth;567.668;400;24;12;3.4956593285745834;(0, 255, 0);395
death;568.631;380;3
death;568.932;343;12
birth;569.255;401;24;12;3.260074191003354;(0, 255, 0);365
death;569.874;378;9
death;575.502;390;2
birth;575.587;402;28;12;3.332047340572071;(0, 255, 0);374
death;575.952;391;3
birth;577.955;403;24;12;4.776124603332516;(0, 255, 0);400
death;578.678;398;1
birth;578.955;404;25;12;4.916611699259815;(0, 255, 0);386
death;578.99;379;3
birth;580.854;405;24;12;3.34939291493386;(0, 255, 0);403
death;584.17;392;12
birth;584.281;406;26;12;4.886533104952709;(0, 255, 0);400
death;584.839;389;4
birth;587.06;407;23;12;4.746326794662526;(0, 255, 0);386
death;589.76;355;9
birth;590.162;408;26;12;4.5662223971037985;(0, 255, 0);397
death;590.563;395;6
birth;590.776;409;24;12;5.29155815736971;(0, 255, 0);386
birth;591.038;410;25;12;6.885707572786032;(0, 255, 0);407
death;591.917;383;13
death;593.562;370;17
birth;594.287;411;25;12;4.17944161938272;(0, 255, 0);400
birth;594.656;412;22;12;3.7289960137995197;(0, 255, 0);407
death;595.093;404;1
birth;595.248;413;25;12;3.3511180098481477;(0, 255, 0);400
death;596.329;396;3
death;597.968;381;3
death;599.417;402;1
death;600.6;406;1
death;602.03;410;1
birth;602.807;414;25;12;4.629587597633867;(0, 255, 0);393
death;604.057;388;11
death;604.339;373;12
death;604.471;409;1
birth;604.604;415;21;12;3.032761393732601;(0, 255, 0);358
death;605.056;340;30
birth;605.384;416;26;12;4.884177018681922;(0, 255, 0);413
death;605.998;408;1
death;606.026;401;4
death;606.425;403;7
death;607.196;412;0
birth;607.941;417;24;12;2.3918324157936324;(0, 255, 0);399
death;608.454;386;16
death;609.871;407;8
death;610.243;411;1
death;611.824;382;18
birth;611.961;418;25;12;3.0361140293365345;(0, 255, 0);365
death;612.262;400;16
death;612.403;397;10
birth;612.558;419;24;12;2.5190377392662087;(0, 255, 0);417
death;613.392;374;24
birth;614.275;420;27;12;3.98452517979707;(0, 255, 0);418
birth;615.016;421;24;12;3.8098534142824745;(0, 255, 0);418
birth;615.184;422;24;12;4.149493346309164;(0, 255, 0);405
birth;616.616;423;23;12;4.323299089859259;(0, 255, 0);422
birth;618.003;424;23;12;2.558346477769491;(0, 255, 0);365
birth;619.658;425;28;12;3.6332514530316096;(0, 255, 0);420
death;620.492;416;2
birth;620.514;426;23;12;5.78877748680968;(0, 255, 0);422
birth;621.113;427;26;12;3.2409267747611015;(0, 255, 0);420
birth;621.125;428;26;12;6.158308406285096;(0, 255, 0);422
birth;624.849;429;24;12;4.297678041865591;(0, 255, 0);413
death;624.874;414;4
death;625.515;415;2
death;625.545;393;16
death;627.588;421;0
birth;628.608;430;23;12;4.839152906842633;(0, 255, 0);429
birth;628.706;431;28;12;5.70470763189139;(0, 255, 0);428
birth;629.762;432;24;12;2.2974681250460334;(0, 255, 0);365
death;631.438;423;1
birth;631.529;433;23;12;5.1691229383717445;(0, 255, 0);426
birth;633.471;434;26;12;1.9839466179038656;(0, 255, 0);432
birth;634.344;435;25;12;2.701022003290891;(0, 255, 0);417
death;634.576;418;7
birth;636.118;436;26;12;3.913367424360292;(0, 255, 0);413
birth;637.047;437;24;12;5.314475254914883;(0, 255, 0);426
birth;637.625;438;25;12;6.716275124582034;(0, 255, 0);426
birth;639.03;439;25;12;2.5809239777194835;(0, 255, 0);424
birth;639.556;440;25;12;2.710313250953044;(0, 255, 0);365
birth;639.59;441;25;12;8.646650443035218;(0, 255, 0);426
death;639.783;425;1
birth;641.805;442;24;12;2.300589521461517;(0, 255, 0);424
death;643.594;420;9
birth;643.66;443;26;12;5.69711181127429;(0, 255, 0);429
death;644.223;433;1
birth;645.305;444;27;12;8.449900433702702;(0, 255, 0);443
death;646.17;428;8
death;648.046;441;1
death;648.145;437;0
birth;648.672;445;27;12;4.849706248415163;(0, 255, 0);436
death;649.005;438;1
birth;649.029;446;26;12;4.115259006650208;(0, 255, 0);436
death;649.288;405;13
death;649.515;431;3
birth;649.519;447;26;12;5.869154459404911;(0, 255, 0);443
birth;650.483;448;28;12;6.808914008501851;(0, 255, 0);443
death;651.074;426;17
birth;651.135;449;27;12;5.270152690975405;(0, 255, 0);436
birth;652.466;450;27;12;6.100145683864308;(0, 255, 0);447
birth;653.214;451;25;12;3.564207517148378;(0, 255, 0);430
death;653.824;427;3
birth;655.681;452;26;12;6.996466121483566;(0, 255, 0);449
birth;656.504;453;22;12;3.7302492010905706;(0, 255, 0);399
birth;656.911;454;26;12;4.0360671830335955;(0, 255, 0);429
death;657.441;444;2
death;659.806;417;10
death;660.404;448;0
birth;660.695;455;28;12;5.374322907372647;(0, 255, 0);443
death;661.225;450;0
birth;661.852;456;23;12;5.160393832862934;(0, 255, 0);422
birth;662.184;457;23;12;3.8744421147214325;(0, 255, 0);456
birth;664.552;458;26;12;1.5400988113707883;(0, 255, 0);434
birth;664.698;459;23;12;3.1991256764043725;(0, 255, 0);453
death;665.588;430;9
death;665.678;447;5
birth;666.373;460;24;12;4.368620891787457;(0, 255, 0);453
birth;666.974;461;21;12;3.2273917305472093;(0, 255, 0);399
death;668.065;365;39
death;668.547;449;5
death;668.645;451;0
death;669.12;452;2
death;670.289;454;0
birth;670.844;462;23;12;3.2754468740951475;(0, 255, 0);399
death;671.417;445;3
birth;674.184;463;27;12;2.7100318691689775;(0, 255, 0);436
birth;674.512;464;28;12;3.9152176062036057;(0, 255, 0);436
death;674.677;446;3
death;675.439;456;4
birth;676.905;465;26;12;6.595403334325264;(0, 255, 0);443
death;676.962;455;2
death;678.393;461;0
death;685.208;439;4
birth;685.542;466;27;12;3.153409417163105;(0, 255, 0);463
death;687.047;442;4
death;689.44;422;26
death;690.493;419;9
death;690.88;432;9
death;691.197;465;3
death;692.034;464;1
death;692.367;453;11
death;694.044;435;6
death;694.799;429;23
birth;696.591;467;25;12;3.4676323558729205;(0, 255, 0);460
birth;698.221;468;21;12;3.596799079880369;(0, 255, 0);399
birth;699.481;469;26;12;2.971070128289503;(0, 255, 0);463
birth;700.056;470;27;12;2.6359254601296733;(0, 255, 0);440
birth;700.167;471;24;12;2.20527508648217;(0, 255, 0);462
birth;701.06;472;22;12;2.561410788951041;(0, 255, 0);462
death;701.438;413;27
birth;703.25;473;26;12;4.731579207207182;(0, 255, 0);460
birth;704.37;474;29;12;3.0340074684758895;(0, 255, 0);470
birth;704.394;475;21;12;2.1950847325924707;(0, 255, 0);472
birth;704.445;476;27;12;3.24688618752912;(0, 255, 0);436
birth;706.157;477;23;12;4.527173854095471;(0, 255, 0);462
birth;706.465;478;28;12;2.0713251390138434;(0, 255, 0);434
birth;706.533;479;25;12;3.21203987925149;(0, 255, 0);477
birth;707.386;480;27;12;3.9898020269355245;(0, 255, 0);463
birth;708.251;481;23;12;2.497158981109526;(0, 255, 0);424
death;708.733;443;33
birth;711.838;482;25;12;2.9236486180215504;(0, 255, 0);457
birth;712.221;483;27;12;2.0471064701547843;(0, 255, 0);434
death;715.109;473;0
birth;715.593;484;27;12;5.453346071781124;(0, 255, 0);480
birth;749.972;485;25;12;4.173813602474642;(0, 255, 0);469
birth;753.088;486;25;12;6.498034905177054;(0, 255, 0);460
death;754.88;467;2
death;768.1;479;0
birth;781.869;487;26;12;4.854165635033374;(0, 255, 0);476
death;786.092;458;3
death;795.818;471;0
death;800.633;484;0
death;800.86;475;0
birth;806.818;488;20;12;4.608409882161029;(0, 255, 0);468
death;808.475;472;4
death;812.306;477;6
birth;812.488;489;20;12;3.1614977395699864;(0, 255, 0);488
birth;813.149;490;27;12;3.1260705078032007;(0, 255, 0);466
birth;814.768;491;25;12;3.2035098233375963;(0, 255, 0);440
birth;814.875;492;28;12;3.6075309869610646;(0, 255, 0);466
death;829.593;486;3
birth;834.104;493;25;12;2.343296860668497;(0, 255, 0);482
birth;846.499;494;27;12;3.507496604231275;(0, 255, 0);492
death;848.403;480;6
death;857.042;487;1
death;860.792;424;23
birth;863.737;495;22;12;2.968954143639428;(0, 255, 0);459
death;1490.993;436;37
death;1491.253;457;18
death;1491.444;474;3
death;1494.048;462;20
birth;1496.892;496;26;12;2.456115516140788;(0, 255, 0);469
death;1496.927;488;5
death;1497.644;481;3
death;1498.266;399;37
birth;1498.923;497;27;12;3.6423890866793625;(0, 255, 0);469
death;1501.643;478;2
death;1504.727;476;9
death;1518.633;468;11
birth;1528.253;498;25;12;3.510103107753074;(0, 255, 0);440
death;1539.796;485;7
birth;1553.585;499;23;12;4.361414296227592;(0, 255, 0);358
death;1555.204;492;5
death;1556.637;434;17
birth;1557.354;500;19;12;2.3692895875029683;(0, 255, 0);489
death;1558.182;494;2
death;1558.535;491;3
birth;1558.952;501;26;12;4.687371093219101;(0, 255, 0);490
death;1561.145;463;19
birth;1563.399;502;25;12;5.30558636132301;(0, 255, 0);499
birth;1564.518;503;27;12;3.1490559802450724;(0, 255, 0);501
death;1565.588;493;2
birth;1570.543;504;22;12;3.6314420264907823;(0, 255, 0);358
birth;1578.511;505;28;12;6.939993099533064;(0, 255, 0);501
birth;1582.92;506;23;12;4.616531387384673;(0, 255, 0);504
death;1584.558;459;22
death;1597.152;483;4
death;1601.366;460;34
birth;1602.344;507;26;12;3.876395915478116;(0, 255, 0);469
birth;1630.373;508;25;12;5.628219304411426;(0, 255, 0);501
birth;1631.339;509;22;12;3.649037741335819;(0, 255, 0);506
birth;1631.72;510;28;12;4.21201042371122;(0, 255, 0);507
birth;1632.27;511;22;12;2.848955739415978;(0, 255, 0);504
birth;1632.432;512;26;12;4.658033812669206;(0, 255, 0);503
birth;1632.87;513;27;12;6.596970345578384;(0, 255, 0);501
death;1633.043;500;0
death;1633.921;489;8
death;1635.664;495;4
birth;1635.704;514;23;12;3.2732677908245176;(0, 255, 0);504
death;1637.077;502;1
death;1637.801;499;6
birth;1639.121;515;25;12;2.100578248932319;(0, 255, 0);469
birth;1639.271;516;28;12;4.0295732122700185;(0, 255, 0);466
birth;1640.791;517;29;12;4.869301156172889;(0, 255, 0);510
death;1642.229;505;3
birth;1651.848;518;28;12;4.913864372915349;(0, 255, 0);507
death;1656.804;512;0
death;1681.596;497;6
death;1690.814;496;4
death;1692.946;509;2
death;1694.436;513;4
death;1695.821;508;5
death;1696.772;516;0
death;1697.281;518;0
death;1699.492;506;8
death;1700.65;517;1
death;1701.37;504;12
birth;1701.421;519;24;12;5.081760235815052;(0, 255, 0);498
death;1701.432;501;19
birth;1704.343;520;26;12;2.869614468403523;(0, 255, 0);498
birth;1705.69;521;22;12;4.41077941548566;(0, 255, 0);514
death;1707.703;510;8
death;1707.856;511;3
birth;1710.343;522;28;12;3.6189850833518933;(0, 255, 0);503
birth;1710.646;523;21;12;5.922901041373546;(0, 255, 0);521
death;1712.417;358;57
birth;1712.767;524;27;12;2.8091443254133375;(0, 255, 0);522
death;1713.657;519;0
birth;1716.375;525;23;12;4.984070365196245;(0, 255, 0);521
death;1716.481;515;1
birth;1716.622;526;21;12;4.558342270166202;(0, 255, 0);521
birth;1717.165;527;22;12;2.971400771965977;(0, 255, 0);521
birth;1723.61;528;27;12;3.588462930497906;(0, 255, 0);440
birth;1724.322;529;28;12;4.494622249311714;(0, 255, 0);522
death;1725.233;490;16
birth;1728.1;530;28;12;2.812758298496538;(0, 255, 0);503
death;1738.815;514;9
birth;1739.327;531;28;12;4.655351392849015;(0, 255, 0);503
death;1740.35;523;3
death;1740.357;466;31
birth;1740.811;532;21;12;6.519368664800993;(0, 255, 0);526
death;1741.57;521;12
birth;1741.832;533;23;12;5.73488383499635;(0, 255, 0);525
birth;1741.938;534;21;12;5.806354054178604;(0, 255, 0);532
birth;1742.51;535;27;12;6.850942426356337;(0, 255, 0);531
birth;1743.755;536;24;12;4.97306642882398;(0, 255, 0);525
birth;1744.028;537;21;12;4.7185902358156815;(0, 255, 0);534
birth;1745.013;538;27;12;3.4939945615074635;(0, 255, 0);507
birth;1747.813;539;26;12;4.156536584350227;(0, 255, 0);469
birth;1747.937;540;25;12;2.76567323073734;(0, 255, 0);440
death;1749.091;482;20
birth;1756.075;541;23;12;6.754497026991194;(0, 255, 0);534
death;1768.613;533;0
death;1789.85;535;0
birth;3733.763;542;22;12;5.391341667914426;(0, 255, 0);532
birth;3734.5;543;20;12;6.493117958211152;(0, 255, 0);526
death;3735.034;522;9
death;3735.087;536;0
birth;3735.283;544;20;12;4.271354699712994;(0, 255, 0);526
birth;3735.975;545;26;12;4.860508546579277;(0, 255, 0);528
birth;3736.205;546;28;12;2.5257031916848125;(0, 255, 0);528
birth;3737.531;547;24;12;5.065867960483017;(0, 255, 0);542
birth;3738.211;548;26;12;2.9899931580910777;(0, 255, 0);528
death;3738.826;525;10
death;3738.948;537;1
birth;3739.322;549;26;12;4.220404802243503;(0, 255, 0);547
birth;3740.133;550;21;12;4.79777431538042;(0, 255, 0);542
death;3742.776;503;22
birth;3742.84;551;21;12;4.100364199594809;(0, 255, 0);526
birth;3750.022;552;27;12;4.268248427608512;(0, 255, 0);549
death;3753.711;538;0
birth;3757.944;553;25;12;3.9698653701250786;(0, 255, 0);549
death;3759.507;543;1
death;3774.75;539;1
birth;3786.759;554;27;12;3.503382206036306;(0, 255, 0);553
death;3787.407;541;4
birth;3792.343;555;25;12;3.8417984619159675;(0, 255, 0);553
death;3793.968;532;12
death;3794.695;498;22
birth;3797.131;556;27;12;3.4804093409224883;(0, 255, 0);555
birth;3798.075;557;25;12;3.755114320970865;(0, 255, 0);553
death;3798.597;520;5
death;3800.774;550;1
death;3802.004;534;12
birth;3804.737;558;27;12;3.3197375486895506;(0, 255, 0);555
death;3805.954;469;40
death;3806.077;551;1
death;3806.21;470;24
death;3806.483;524;4
death;3806.632;544;3
death;3806.679;507;25
death;3806.958;526;19
death;3807.35;547;6
death;3807.609;542;10
birth;3808.576;559;28;12;3.211690388664284;(0, 255, 0);554
birth;3808.793;560;26;12;4.075995844059302;(0, 255, 0);557
death;3809.313;531;10
birth;3809.434;561;26;12;2.694716699209233;(0, 255, 0);556
death;3811.964;549;8
death;3812.13;545;4
death;3812.851;540;2
death;3813.33;527;6
birth;3815.901;562;27;12;5.038546771402998;(0, 255, 0);553
death;3817.012;528;15
birth;3817.018;563;28;12;3.52348468342539;(0, 255, 0);554
death;3818.866;529;11
death;3819.931;552;4
death;3820.497;530;4
birth;3820.853;564;26;12;2.583713689721301;(0, 255, 0);554
birth;3820.878;565;25;12;4.914233533705627;(0, 255, 0);557
birth;3821.854;566;28;12;2.9578733234751606;(0, 255, 0);559
birth;3825.832;567;27;12;1.738226058522518;(0, 255, 0);564
birth;3827.543;568;30;12;3.9457651228871136;(0, 255, 0);566
birth;3828.198;569;25;12;4.498534340246429;(0, 255, 0);555
death;3828.259;562;0
birth;3828.27;570;30;12;2.79092077174741;(0, 255, 0);559
death;3829.084;440;47
birth;3833.958;571;26;12;4.277756012508879;(0, 255, 0);565
birth;3835.061;572;27;12;4.314082647236989;(0, 255, 0);554
death;3835.217;553;16
birth;3836.125;573;29;12;4.85540641603235;(0, 255, 0);554
birth;3836.408;574;27;12;2.0362010520738876;(0, 255, 0);566
birth;3837.369;575;26;12;1.7617822667547876;(0, 255, 0);564
birth;3838.795;576;25;12;5.36260142913563;(0, 255, 0);555
birth;3838.901;577;31;12;4.088656433807437;(0, 255, 0);573
death;3839.701;558;3
birth;3839.769;578;31;12;5.845711964514991;(0, 255, 0);573
birth;3840.545;579;28;12;3.170017790201228;(0, 255, 0);572
birth;3840.772;580;30;12;4.417799696033819;(0, 255, 0);563
birth;3841.168;581;28;12;3.570326162196931;(0, 255, 0);564
death;3841.414;561;1
birth;3841.596;582;27;12;2.7336524250690246;(0, 255, 0);566
death;3845.13;557;11
birth;3845.918;583;26;12;1.834888243116516;(0, 255, 0);582
death;3846.263;569;1
birth;3846.654;584;28;12;4.054074363867556;(0, 255, 0);566
birth;3847.306;585;24;12;3.474579518292036;(0, 255, 0);555
birth;3848.667;586;29;12;5.126178854429951;(0, 255, 0);573
birth;3850.461;587;28;12;4.256821653664239;(0, 255, 0);548
death;3854.674;576;1
death;3855.299;571;1
birth;3855.354;588;25;12;2.8964085204020504;(0, 255, 0);555
death;3855.688;546;6
birth;3858.037;589;29;12;4.4376797560283645;(0, 255, 0);580
death;3858.577;565;8
birth;3858.582;590;30;12;5.825907890092349;(0, 255, 0);580
death;3860.275;568;2
death;3860.349;560;7
death;3860.692;578;2
birth;3863.185;591;26;12;4.108217909342423;(0, 255, 0);588
death;3865.414;585;0
death;3867.679;579;1
death;3868.622;567;0
death;3870.59;584;1
death;3870.857;577;2
birth;3872.616;592;28;12;5.22761925158815;(0, 255, 0);563
death;3875.01;566;15
death;3876.445;573;14
death;3876.927;590;1
death;3880.458;575;0
death;3880.634;554;25
death;3882.485;587;3
birth;3882.698;593;28;12;4.580487058778866;(0, 255, 0);581
death;3883.755;559;15
birth;3884.42;594;28;12;4.62171273087071;(0, 255, 0);572
death;3886.517;591;1
death;3887.115;592;0
death;3887.976;583;0
death;3888.143;586;6
death;3888.419;564;13
birth;3889.052;595;27;12;5.2431578734327955;(0, 255, 0);572
birth;3890.695;596;29;12;4.623330605239548;(0, 255, 0);594
birth;3891.659;597;28;12;3.132097290657847;(0, 255, 0);594
death;3891.759;574;2
birth;3892.879;598;29;12;2.894241585703498;(0, 255, 0);572
birth;3893.227;599;29;12;4.64598978711374;(0, 255, 0);596
birth;3893.581;600;25;12;3.23881922399264;(0, 255, 0);555
death;3893.629;589;4
death;3893.85;548;15
birth;3895.227;601;26;12;3.626725457144005;(0, 255, 0);588
birth;3895.397;602;28;12;2.7714973487787846;(0, 255, 0);597
birth;3895.457;603;29;12;4.220489232689797;(0, 255, 0);594
birth;3895.955;604;28;12;4.386246339208348;(0, 255, 0);599
birth;3896.474;605;29;12;6.047141132845623;(0, 255, 0);594
birth;3896.822;606;24;12;3.408865277580378;(0, 255, 0);555
birth;3896.954;607;28;12;3.430588102400308;(0, 255, 0);563
death;3897.439;556;16
birth;3899.376;608;30;12;2.7053340457907087;(0, 255, 0);563
birth;3899.874;609;27;12;2.0543914908310867;(0, 255, 0);602
birth;3900.156;610;27;12;2.926832503394391;(0, 255, 0);588
birth;3900.416;611;29;12;6.5464570125201895;(0, 255, 0);605
birth;3906.88;612;27;12;3.2395663841676368;(0, 255, 0);610
birth;3906.998;613;24;12;5.025788667486347;(0, 255, 0);606
birth;3908.402;614;28;12;6.270857663599659;(0, 255, 0);594
birth;3908.921;615;31;12;3.7863422071096684;(0, 255, 0);570
death;3909.266;580;17
death;3909.579;572;24
death;3910.519;604;0
death;3911.68;603;0
death;3912.151;595;3
death;3912.356;601;0
birth;3913.414;616;25;12;3.54610096378081;(0, 255, 0);606
birth;3913.549;617;30;12;4.922669182336248;(0, 255, 0);594
death;3916.481;596;6
death;3917.256;582;9
death;3917.588;593;5
death;3918.011;613;0
birth;3918.353;618;30;12;2.7492938639353164;(0, 255, 0);615
death;3919.26;614;0
birth;3919.539;619;29;12;4.329068252469979;(0, 255, 0);598
death;3920.699;605;7
birth;3921.293;620;26;12;4.853878377913088;(0, 255, 0);600
death;3921.448;597;4
death;3921.606;563;25
death;3922.192;581;13
death;3922.585;607;1
death;3922.633;555;42
death;3922.746;611;4
birth;3926.134;621;25;12;6.527063060412587;(0, 255, 0);620
birth;3926.163;622;24;12;5.093345908721741;(0, 255, 0);616
birth;3926.45;623;32;12;3.4425029475678723;(0, 255, 0);608
birth;3927.906;624;23;12;4.903977505216151;(0, 255, 0);606
death;3927.983;599;8
birth;3931.494;625;23;12;3.981299214183329;(0, 255, 0);624
birth;3933.667;626;32;12;3.8844771005835272;(0, 255, 0);615
death;3934.7;617;2
birth;3935.062;627;30;12;4.725321810384031;(0, 255, 0);619
death;3935.436;612;2
death;3936.385;622;0
death;3937.122;594;27
death;3939.128;621;2
birth;3940.978;628;33;12;2.92406027521212;(0, 255, 0);623
birth;3942.26;629;31;12;4.218797092273558;(0, 255, 0);627
death;3944.956;600;9
death;3948.328;620;7
birth;3949.91;630;33;12;5.757597780464993;(0, 255, 0);626
birth;3952.769;631;23;12;4.7152489039533565;(0, 255, 0);624
death;3954.161;570;16
birth;3955.404;632;31;12;4.616117002213894;(0, 255, 0);619
birth;3957.33;633;26;12;3.6707012203317557;(0, 255, 0);610
death;3957.818;618;2
birth;3958.696;634;23;12;4.188091805059019;(0, 255, 0);624
death;3963.373;627;7
death;3963.415;631;0
birth;3964.906;635;31;12;4.7077668275282;(0, 255, 0);619
birth;3964.968;636;26;12;2.8503745696355844;(0, 255, 0);606
birth;3966.07;637;22;12;5.132596257221128;(0, 255, 0);625
death;3966.916;616;10
birth;3967.629;638;24;12;3.0502120203702536;(0, 255, 0);588
death;3969.674;632;0
death;3970.634;626;7
death;3970.834;629;3
birth;3971.138;639;25;12;4.916569018300663;(0, 255, 0);633
birth;3973.335;640;24;12;4.940855207806821;(0, 255, 0);639
birth;3974.699;641;27;12;2.3546588791945187;(0, 255, 0);610
birth;3975.553;642;26;12;7.358224142506364;(0, 255, 0);639
birth;3977.547;643;26;12;7.841870964615377;(0, 255, 0);642
birth;3978.534;644;31;12;5.919523615448153;(0, 255, 0);635
death;3979.808;637;1
death;3981.002;634;2
birth;3982.857;645;25;12;4.216120816641398;(0, 255, 0);624
birth;3983.114;646;27;12;3.6251249357110638;(0, 255, 0);633
death;3985.782;608;11
birth;3985.987;647;30;12;4.661457009896972;(0, 255, 0);635
death;3986.634;623;10
death;3986.642;643;0
death;3987.721;628;3
birth;3988.498;648;29;12;1.7444156353195712;(0, 255, 0);641
death;3988.812;642;4
birth;3989.078;649;25;12;2.8601111363989427;(0, 255, 0);645
death;3990.118;625;11
death;3991.329;640;1
death;3991.644;630;8
birth;3991.707;650;27;12;2.356915610395864;(0, 255, 0);636
birth;3991.863;651;30;12;6.567314535202384;(0, 255, 0);647
death;3993.706;588;27
death;3993.754;606;25
birth;3994.385;652;25;12;4.131760289137315;(0, 255, 0);636
birth;3994.403;653;29;12;3.5311771809510626;(0, 255, 0);646
death;3994.44;615;20
death;3997.44;624;24
death;4001.525;619;25
death;4002.22;644;3
death;4008.948;651;2
death;4009.994;645;5
birth;4010.151;654;31;12;4.982448390820662;(0, 255, 0);653
death;4012.503;638;4
death;4012.888;652;1
death;4013.798;635;14
death;4014.164;609;9
death;4014.492;639;12
birth;4016.834;655;26;12;4.341449053462066;(0, 255, 0);610
birth;4016.867;656;26;12;5.1207406023655615;(0, 255, 0);633
birth;4019.896;657;27;12;2.1581829431945283;(0, 255, 0);610
birth;4020.44;658;25;12;3.0730146596258794;(0, 255, 0);649
birth;4021.027;659;30;12;3.321599188149391;(0, 255, 0);602
birth;4022.257;660;27;12;3.5491677727400988;(0, 255, 0);646
birth;4024.348;661;26;12;3.751658107995021;(0, 255, 0);636
death;4025.065;647;9
birth;4025.4;662;30;12;7.135513237834963;(0, 255, 0);654
birth;4027.902;663;27;12;2.5555236649113997;(0, 255, 0);658
birth;4031.054;664;26;12;2.840781826930274;(0, 255, 0);646
birth;4034.663;665;29;12;5.127519209110031;(0, 255, 0);653
birth;4035.633;666;27;12;4.718251093866719;(0, 255, 0);661
birth;4036.866;667;26;12;3.9365286256768206;(0, 255, 0);646
birth;4037.075;668;29;12;4.262381648480136;(0, 255, 0);660
death;4037.934;662;0
birth;4038.508;669;25;12;3.9969291627628305;(0, 255, 0);649
birth;4038.845;670;29;12;3.1979691180534267;(0, 255, 0);660
birth;4042.614;671;29;12;3.4541612293799906;(0, 255, 0);602
birth;4045.434;672;29;12;3.210398275801281;(0, 255, 0);646
birth;4049.721;673;31;12;3.165733095119897;(0, 255, 0);672
death;4050.708;665;0
death;4053.084;666;0
birth;4054.303;674;31;12;3.4155903436650696;(0, 255, 0);659
death;4055.164;636;17
death;4055.821;658;4
birth;4057.639;675;25;12;5.0628580715379385;(0, 255, 0);669
death;4057.672;657;0
death;4058.206;654;10
death;4063.924;633;24
death;4067.212;660;9
death;4070.57;667;2
death;4070.776;656;9
birth;4072.62;676;26;12;5.985552246493983;(0, 255, 0);655
birth;4072.935;677;28;12;1.9869281738847255;(0, 255, 0);602
death;4074.797;653;15
death;4075.258;675;1
birth;4075.349;678;30;12;4.29009623561498;(0, 255, 0);670
birth;4075.965;679;28;12;2.417504846297711;(0, 255, 0);671
birth;4076.243;680;27;12;8.374868308432916;(0, 255, 0);676
birth;4077.439;681;29;12;2.8620767962662423;(0, 255, 0);646
birth;4077.862;682;28;12;6.220135248079689;(0, 255, 0);676
birth;4079.386;683;31;12;4.5884138239497725;(0, 255, 0);668
death;4083.299;672;5
birth;4083.983;684;27;12;4.037429713768539;(0, 255, 0);664
death;4087.238;650;8
birth;4087.453;685;27;12;3.408489649075118;(0, 255, 0);664
birth;4088.347;686;26;12;6.456125262791964;(0, 255, 0);655
death;4089.575;669;8
death;4089.699;680;2
death;4089.844;610;37
death;4091.737;678;0
death;4094.937;676;8
death;4096.605;683;0
birth;4097.29;687;29;12;2.709090467763608;(0, 255, 0);681
death;4098.285;686;0
death;4099.087;673;4
death;4099.591;649;17
death;4099.905;682;3
birth;4102.611;688;29;12;2.4965982139088094;(0, 255, 0);681
birth;4103.026;689;31;12;3.3884328668819528;(0, 255, 0);681
death;4103.78;602;34
death;4105.612;655;20
death;4106.996;685;0
death;4109.99;659;13
birth;4111.693;690;27;12;3.66058937050615;(0, 255, 0);661
death;4111.819;670;11
birth;4112.536;691;28;12;3.7245500838401426;(0, 255, 0);681
death;4114.166;648;6
death;4114.384;646;37
death;4114.652;664;13
birth;4118.773;692;29;12;2.5188535625672337;(0, 255, 0);681
birth;4119.742;693;30;12;2.4151965173537047;(0, 255, 0);598
death;4119.897;668;16
birth;4120.603;694;32;12;4.882224196636659;(0, 255, 0);674
birth;4121.609;695;28;12;3.395024233426022;(0, 255, 0);641
death;4122.412;671;12
birth;4125.577;696;29;12;3.091027461971658;(0, 255, 0);693
death;4128.173;690;0
death;4130.073;688;0
birth;4131.565;697;29;12;2.130691779012685;(0, 255, 0);692
death;4132.077;684;6
birth;4134.514;698;34;12;4.533132495839436;(0, 255, 0);694
death;4135.582;679;4
birth;4136.707;699;28;12;3.153233539859837;(0, 255, 0);696
birth;4137.198;700;27;12;3.9813459747138307;(0, 255, 0);661
birth;4137.632;701;28;12;3.819107557622515;(0, 255, 0);691
death;4143.556;695;0
birth;4145.135;702;27;12;3.6579695239059866;(0, 255, 0);699
birth;4146.289;703;26;12;2.9364475555787943;(0, 255, 0);661
birth;4154.036;704;27;12;4.4339217786370835;(0, 255, 0);691
birth;4156.166;705;25;12;2.896944024356216;(0, 255, 0);703
death;4156.56;641;24
birth;4156.771;706;30;12;2.238217703702595;(0, 255, 0);699
birth;4161.198;707;28;12;3.2577183974329853;(0, 255, 0);699
death;4161.882;674;16
birth;4162.33;708;27;12;2.9155892206079477;(0, 255, 0);700
birth;4162.814;709;29;12;3.7953994900475347;(0, 255, 0);696
death;4164.168;694;8
birth;4165.674;710;28;12;3.785126713644208;(0, 255, 0);704
death;4169.513;702;0
death;4174.262;698;3
death;4176.533;693;5
birth;4177.314;711;31;12;2.7747901929927994;(0, 255, 0);697
birth;4179.354;712;28;12;5.033391811419404;(0, 255, 0);700
birth;4180.756;713;28;12;3.0337658976834074;(0, 255, 0);710
death;4184.015;598;41
death;4189.763;661;34
birth;4190.898;714;29;12;2.776637657083506;(0, 255, 0);696
death;4193.085;691;14
birth;4194.429;715;29;12;4.396713566131788;(0, 255, 0);696
birth;4196.414;716;28;12;2.8859705936380347;(0, 255, 0);700
birth;4197.614;717;27;12;4.565605422725384;(0, 255, 0);710
death;4209.598;701;6
death;4211.738;707;2
death;4213.053;687;8
death;4214.347;689;11
death;4216.192;704;8
birth;4219.784;718;29;12;2.038267379711897;(0, 255, 0);697
birth;4220.041;719;30;12;2.979618701476922;(0, 255, 0);709
death;4221.876;712;3
birth;4222.394;720;32;12;2.2229363677171086;(0, 255, 0);706
death;4222.475;692;9
death;4224.136;705;3
birth;4225.032;721;29;12;2.107155802172064;(0, 255, 0);697
death;4226.306;663;17
birth;4226.352;722;31;12;3.6739236307167884;(0, 255, 0);709
birth;4226.9;723;29;12;3.4292168216974015;(0, 255, 0);715
birth;4228.349;724;31;12;2.4866558368926803;(0, 255, 0);723
birth;4230.299;725;26;12;3.4934666307036997;(0, 255, 0);717
birth;4230.863;726;25;12;2.868362834884161;(0, 255, 0);725
birth;4233.869;727;32;12;2.531017317660696;(0, 255, 0);724
birth;4235.066;728;27;12;2.3628366810012933;(0, 255, 0);699
death;4236.007;713;2
birth;4236.816;729;31;12;4.458500876838702;(0, 255, 0);709
death;4239.421;710;11
death;4246.628;714;1
birth;4250.116;730;27;12;6.043060913768134;(0, 255, 0);717
birth;4250.96;731;27;12;6.635125127048035;(0, 255, 0);730
death;4252.357;703;9
death;4253.501;708;5
birth;4253.884;732;31;12;4.179135681364179;(0, 255, 0);729
birth;4253.983;733;30;12;3.0445042611744557;(0, 255, 0);729
death;4254.677;677;8
birth;4258.029;734;30;12;3.094453801050899;(0, 255, 0);719
birth;4260.283;735;29;12;2.5804085426673855;(0, 255, 0);733
birth;4263.772;736;29;12;7.749327583956691;(0, 255, 0);730
death;4264.618;725;3
death;4266.58;731;0
death;4266.924;722;1
birth;4266.958;737;29;12;2.4748473271325366;(0, 255, 0);706
birth;4267.185;738;28;12;4.178848919609903;(0, 255, 0);681
birth;4269.727;739;28;12;2.924852132291792;(0, 255, 0);699
birth;4271.941;740;27;12;4.258414232361685;(0, 255, 0);699
birth;4272.266;741;32;12;2.0148970195306006;(0, 255, 0);720
birth;4272.372;742;32;12;2.7379753882296227;(0, 255, 0);733
death;4276.294;717;14
birth;4284.332;743;29;12;3.4343209512432766;(0, 255, 0);723
death;4284.62;700;23
death;4288.148;724;4
death;4288.915;696;25
death;4290.142;728;1
death;4291.955;730;10
death;4292.459;729;10
death;4292.67;732;1
death;4293.024;715;13
death;4300.999;711;6
death;4302.448;736;5
death;4302.593;740;1
death;4307.157;738;2
birth;4309.923;744;30;12;2.579768914160077;(0, 255, 0);737
birth;4313.762;745;29;12;4.196486546540196;(0, 255, 0);733
birth;4314.212;746;30;12;2.0645931480063977;(0, 255, 0);716
birth;4315.32;747;29;12;3.9748020759192837;(0, 255, 0);699
death;4315.884;735;1
birth;4317.544;748;29;12;3.378084016460713;(0, 255, 0);699
death;4318.712;723;13
birth;4320.749;749;28;12;1.8963224832171361;(0, 255, 0);737
birth;4321.394;750;27;12;2.5066157879203805;(0, 255, 0);699
birth;4323.916;751;29;12;3.263987035908831;(0, 255, 0);733
death;4324.889;709;25
birth;4327.952;752;29;12;3.6166230009138043;(0, 255, 0);737
birth;4328.615;753;28;12;2.7827579821181114;(0, 255, 0);716
birth;4328.918;754;33;12;2.6693497502261065;(0, 255, 0);741
birth;4329.671;755;30;12;4.834711287937778;(0, 255, 0);751
birth;4331.654;756;31;12;2.5715324922762375;(0, 255, 0);737
death;4334.616;681;41
death;4339.342;739;3
death;4341.929;743;3
birth;4344.038;757;29;12;5.852230670746915;(0, 255, 0);745
birth;4345.859;758;30;12;5.2780833512840655;(0, 255, 0);755
death;4346.164;697;20
birth;4347.379;759;30;12;3.2986464127437722;(0, 255, 0);737
birth;4348.101;760;30;12;2.8044415732282557;(0, 255, 0);744
birth;4348.2;761;31;12;2.4399557305530517;(0, 255, 0);752
birth;4351.392;762;30;12;2.260503771712462;(0, 255, 0);753
birth;4354.299;763;28;12;4.865608601971912;(0, 255, 0);752
death;4356.145;742;3
death;4361.03;699;44
death;4361.63;747;2
death;4363.915;718;6
birth;4364.29;764;31;12;2.5333498352134396;(0, 255, 0);760
death;4368.539;706;20
birth;4371.379;765;32;12;5.293917501968861;(0, 255, 0);755
birth;4372.123;766;32;12;6.921754774901429;(0, 255, 0);755
birth;4372.689;767;33;12;4.095761733111761;(0, 255, 0);765
death;4372.745;758;1
death;4377.275;757;3
death;4377.599;748;3
death;4377.679;727;8
birth;4379.822;768;26;12;1.9027900419874513;(0, 255, 0);750
death;4381.725;763;1
birth;4384.095;769;26;12;3.627637132416037;(0, 255, 0);750
death;4386.113;752;10
death;4387.367;759;1
death;4387.634;745;10
birth;4389.28;770;31;12;5.148395974191659;(0, 255, 0);755
birth;4390.779;771;28;12;4.87383924074083;(0, 255, 0);769
birth;4391.577;772;31;12;7.635562933463434;(0, 255, 0);770
death;4400.781;766;3
death;4401.834;761;1
death;4402.602;749;1
death;4408.524;751;9
death;4408.927;744;8
death;4412.859;721;9
death;4413.919;734;12
birth;4413.998;773;31;12;3.576882662621669;(0, 255, 0);770
death;4416.357;726;14
death;4417.426;771;1
death;4417.786;765;8
birth;4418.459;774;31;12;3.932411208170126;(0, 255, 0);773
death;4419.98;733;25
death;4420.301;756;4
birth;4420.424;775;28;12;2.190347575320743;(0, 255, 0);716
death;4420.709;772;4
death;4421.613;754;4
birth;4421.961;776;30;12;5.268444842873807;(0, 255, 0);755
birth;4422.408;777;31;12;4.0496214430967;(0, 255, 0);774
birth;4423.412;778;30;12;2.1101721796567205;(0, 255, 0);775
death;4424.169;737;25
birth;4424.853;779;32;12;2.751975388285643;(0, 255, 0);720
death;4427.649;764;2
death;4428.554;769;6
birth;4429.343;780;33;12;4.068165492138138;(0, 255, 0);773
death;4433.135;767;5
birth;4436.189;781;30;12;4.18038050030714;(0, 255, 0);777
birth;4437.306;782;33;12;5.794689355369094;(0, 255, 0);777
death;4438.388;776;0
birth;4441.489;783;30;12;1.8613960523399464;(0, 255, 0);775
death;4443.506;755;31
birth;4446.788;784;30;12;3.600889725971202;(0, 255, 0);773
birth;4446.947;785;32;12;5.987569127692578;(0, 255, 0);777
birth;4447.625;786;33;12;3.1950245650779587;(0, 255, 0);780
death;4448.143;760;9
birth;4449.576;787;33;12;4.818875126098446;(0, 255, 0);770
death;4452.477;750;14
birth;4452.898;788;32;12;4.426892387038707;(0, 255, 0);786
birth;4454.709;789;33;12;4.190436437365517;(0, 255, 0);770
birth;4456.341;790;29;12;3.64083693737089;(0, 255, 0);753
birth;4457.896;791;32;12;5.938262431354134;(0, 255, 0);770
birth;4460.413;792;31;12;4.973090174934743;(0, 255, 0);788
birth;4461.024;793;35;12;3.21646230810563;(0, 255, 0);786
birth;4461.289;794;32;12;3.031417813357928;(0, 255, 0);773
birth;4462.392;795;35;12;6.270657888996822;(0, 255, 0);787
death;4469.41;774;7
birth;4472.263;796;31;12;3.6947686518080514;(0, 255, 0);794
death;4472.359;781;2
death;4476.512;719;24
death;4477.869;762;8
death;4478.821;782;4
birth;4480.666;797;34;12;4.079644324912606;(0, 255, 0);793
death;4484.008;791;1
birth;4484.155;798;32;12;2.6008256796349025;(0, 255, 0);784
death;4485.094;790;0
birth;4487.1;799;30;12;1.3580304349162027;(0, 255, 0);783
death;4490.013;789;1
birth;4490.559;800;31;12;3.559143772931775;(0, 255, 0);798
death;4494.702;788;6
death;4496.127;795;3
birth;4497.213;801;30;12;2.6562566063567954;(0, 255, 0);778
death;4497.24;770;33
death;4497.873;785;7
death;4503.183;777;18
death;4503.359;716;35
death;4504.912;787;9
birth;4505.291;802;32;12;2.512456880875785;(0, 255, 0);786
death;4508.807;753;19
birth;4509.485;803;33;12;5.395597916899285;(0, 255, 0);797
death;4511.822;792;5
death;4511.841;793;6
birth;4512.939;804;34;12;3.8665084455288574;(0, 255, 0);798
birth;4513.682;805;33;12;2.968850779467329;(0, 255, 0);796
birth;4513.991;806;36;12;6.018116197086213;(0, 255, 0);797
death;4515.339;800;0
death;4517.084;780;13
birth;4522.662;807;37;12;6.0333543354850185;(0, 255, 0);806
birth;4523.181;808;31;12;2.5455746556141694;(0, 255, 0);798
birth;4524.909;809;31;12;2.7740220795419335;(0, 255, 0);796
death;4525.106;794;7
birth;4525.883;810;37;12;5.718410718435278;(0, 255, 0);806
death;4526.55;784;10
birth;4527.433;811;39;12;5.820065882580807;(0, 255, 0);810
death;4532.151;801;0
death;4532.972;773;25
birth;4537.392;812;35;12;3.6475658790761734;(0, 255, 0);797
death;4541.454;807;0
death;4545.179;778;9
birth;4547.071;813;36;12;3.253327879951102;(0, 255, 0);804
birth;4550.708;814;35;12;5.3861480846459635;(0, 255, 0);804
birth;4550.784;815;38;12;4.531461420906108;(0, 255, 0);813
birth;4553.761;816;38;12;6.0515920235797385;(0, 255, 0);806
birth;4553.787;817;32;12;3.9279536398066863;(0, 255, 0);786
death;4554.852;775;13
death;4559.214;808;0
birth;4562.669;818;35;12;7.782904246680918;(0, 255, 0);803
birth;4564.272;819;35;12;4.502122474682508;(0, 255, 0);786
birth;4564.358;820;32;12;3.8400819142129126;(0, 255, 0);796
birth;4565.682;821;32;12;4.621171482286674;(0, 255, 0);796
birth;4567.481;822;32;12;5.168827744359008;(0, 255, 0);796
death;4572.076;809;1
death;4573.169;810;10
death;4573.39;806;21
death;4575.806;779;11
birth;4575.909;823;34;12;5.558133298939612;(0, 255, 0);821
birth;4577.243;824;32;12;2.945792706914366;(0, 255, 0);786
death;4577.39;816;1
death;4578.292;797;22
death;4579.115;783;8
birth;4580.594;825;32;12;3.323694067637694;(0, 255, 0);796
death;4582.565;799;1
death;4582.614;814;3
birth;4586.322;826;33;12;3.8070513103272976;(0, 255, 0);796
death;4586.642;818;3
death;4587.013;741;23
birth;4589.018;827;33;12;2.4962979429643437;(0, 255, 0);824
death;4592.425;803;17
death;4595.135;811;11
birth;4595.784;828;32;12;2.8088173014592925;(0, 255, 0);786
death;4598.39;817;3
death;4600.359;815;5
death;4601.387;820;2
birth;4602.9;829;31;12;2.6366954350757386;(0, 255, 0);824
birth;4604.014;830;36;12;4.884886514828569;(0, 255, 0);804
death;4604.576;821;7
death;4605.1;819;4
death;4608.777;826;0
birth;4609.37;831;32;12;3.8817330260699157;(0, 255, 0);825
death;4612.485;812;8
birth;4613.802;832;36;12;3.6886073820492205;(0, 255, 0);813
birth;4614.418;833;27;12;1.740460231432155;(0, 255, 0);768
death;4615.542;823;6
death;4616.756;746;20
birth;4617.138;834;32;12;3.3906569868996153;(0, 255, 0);831
birth;4619.929;835;32;12;4.532888955689842;(0, 255, 0);825
birth;4624.762;836;32;12;2.7693710511711425;(0, 255, 0);828
birth;4625.984;837;34;12;3.7949445051166446;(0, 255, 0);835
death;4626.792;804;25
death;4628.227;822;11
birth;4631.715;838;34;12;4.755864619695156;(0, 255, 0);786
death;4632.677;798;22
birth;4632.929;839;32;12;2.6206723252988313;(0, 255, 0);831
birth;4635.321;840;35;12;2.3464591646202506;(0, 255, 0);813
birth;4639.77;841;35;12;3.64474961957108;(0, 255, 0);837
birth;4652.813;842;34;12;3.512293598010701;(0, 255, 0);841
death;4655.28;825;14
birth;4656.55;843;35;12;2.479045105386342;(0, 255, 0);840
death;4656.706;830;7
birth;4657.385;844;38;12;4.053926818855223;(0, 255, 0);813
birth;4659.492;845;33;12;2.0995810091421556;(0, 255, 0);805
death;4660.631;831;11
birth;4664.044;846;35;12;3.301876712204633;(0, 255, 0);813
birth;4706.955;847;33;12;3.5456084296803736;(0, 255, 0);805
birth;4707.516;848;38;12;3.731615576121569;(0, 255, 0);832
death;4709.28;824;14
birth;4710.111;849;37;12;4.77757508935617;(0, 255, 0);848
birth;4710.892;850;33;12;6.678795994403936;(0, 255, 0);838
death;4712.471;828;8
death;4712.67;835;10
birth;5668.585;851;35;12;2.8645163592459717;(0, 255, 0);805
death;5668.841;786;55
death;5669.705;796;51
birth;5669.899;852;32;12;5.874679574378097;(0, 255, 0);850
birth;5672.097;853;35;12;3.8908358439583672;(0, 255, 0);838
death;5672.365;768;19
death;5673.233;841;6
birth;5675.09;854;33;12;3.8035375251755545;(0, 255, 0);805
death;5676.404;827;7
birth;5681.367;855;37;12;4.794621497988798;(0, 255, 0);832
death;5681.726;802;16
death;5684.36;842;1
death;5695.3;829;6
birth;5708.464;856;37;12;4.123709054650675;(0, 255, 0);813
death;5709.563;850;6
birth;5710.071;857;34;12;2.3912121125212495;(0, 255, 0);834
birth;5710.183;858;39;12;4.773927529907971;(0, 255, 0);848
birth;5711.298;859;39;12;3.2000877527170397;(0, 255, 0);856
death;5711.322;852;1
death;5713.087;837;11
birth;5715.402;860;36;12;4.654064312793211;(0, 255, 0);855
death;5715.543;849;2
birth;5715.911;861;35;12;3.3171727440142544;(0, 255, 0);851
death;5715.958;720;40
birth;5716.033;862;35;12;5.70821670832766;(0, 255, 0);838
birth;5720.309;863;33;12;4.960775255379706;(0, 255, 0);838
birth;5723.362;864;32;12;3.7890459858283725;(0, 255, 0);805
death;5733.663;839;4
death;5743.401;844;4
birth;5745.896;865;33;12;4.9521116690707085;(0, 255, 0);854
death;7415.965;833;4
death;7415.972;858;0
death;7417.4;846;4
death;7418.474;847;4
death;7419.376;832;21
death;10969.429;855;7
birth;10969.528;866;31;12;5.185271845480065;(0, 255, 0);864
death;10972.091;834;16
birth;10972.983;867;35;12;3.274474749486026;(0, 255, 0);854
death;10973.703;838;30
death;10973.853;862;3
death;10973.978;860;2
death;10975.295;859;1
birth;10976.036;868;32;12;3.4141705944382426;(0, 255, 0);863
birth;10976.764;869;37;12;3.5604057379508;(0, 255, 0);851
birth;10978.213;870;32;12;3.2251537877300196;(0, 255, 0);868
death;10981.587;853;6
birth;11060.281;871;31;12;6.71002975101171;(0, 255, 0);866
birth;11063.767;872;32;12;2.1492682762019566;(0, 255, 0);805
death;11064.007;836;10
birth;11065.374;873;39;12;4.4185902475607;(0, 255, 0);848
birth;11065.578;874;33;12;5.9377552148582335;(0, 255, 0);865
birth;11066.4;875;30;12;7.761200417025472;(0, 255, 0);866
death;11067.638;863;10
death;11073.212;854;15
death;11080.582;864;8
death;11735.023;867;0
death;11737.061;871;1
birth;11738.922;876;33;12;6.5866507317127905;(0, 255, 0);866
birth;11739.199;877;38;12;3.5144866061573135;(0, 255, 0);873
birth;11740.217;878;37;12;3.2133513440534682;(0, 255, 0);851
death;11740.228;843;8
death;11740.415;875;0
death;11740.785;856;13
birth;11741.778;879;35;12;9.232637232675097;(0, 255, 0);876
birth;11741.984;880;38;12;5.797808095138154;(0, 255, 0);873
death;11742.279;845;6
death;11742.6;874;0
birth;11742.895;881;41;12;6.007030293042259;(0, 255, 0);873
birth;11743.819;882;33;12;4.034699314011679;(0, 255, 0);805
birth;11980.671;883;33;12;4.643135825014;(0, 255, 0);870
death;11981.911;813;52
death;11982.688;879;0
birth;11982.736;884;32;12;3.8909893758318947;(0, 255, 0);870
birth;11983.567;885;43;12;6.200861839538505;(0, 255, 0);881
death;11985.378;866;19
birth;11987.415;886;34;12;3.0945942053559645;(0, 255, 0);840
death;11988.525;868;7
birth;11989.069;887;33;12;4.2123497695706345;(0, 255, 0);886
birth;12322.288;888;33;12;2.199980244569315;(0, 255, 0);805
death;12322.382;848;28
birth;12322.432;889;34;12;5.895356058407566;(0, 255, 0);882
birth;12322.749;890;33;12;5.366992521262348;(0, 255, 0);887
birth;12322.896;891;34;12;4.833909844867806;(0, 255, 0);870
death;12323.028;877;0
death;12323.252;880;2
birth;12324.332;892;35;12;2.9644462248171513;(0, 255, 0);861
death;12326.248;885;0
birth;12326.418;893;35;12;4.191697633770929;(0, 255, 0);887
death;12326.621;869;5
death;12326.709;876;10
death;12327.495;873;16
death;12329.201;865;19
death;12329.403;881;8
birth;12424.698;894;35;12;3.286494185743426;(0, 255, 0);891
death;12424.711;851;23
birth;12426.023;895;34;12;2.9186520156807623;(0, 255, 0);894
death;12426.585;857;9
death;12427.705;883;4
birth;12427.773;896;35;12;3.097003291854209;(0, 255, 0);894
birth;12430.535;897;34;12;4.432022694059002;(0, 255, 0);861
birth;13749.847;898;38;12;4.151098711997657;(0, 255, 0);878
birth;13749.933;899;34;12;4.726975174569656;(0, 255, 0);891
birth;13750.538;900;34;12;6.7523376651102005;(0, 255, 0);891
death;13750.644;890;4
death;13752.917;884;5
death;13753.426;893;2
death;13755.223;889;7
birth;13756.076;901;35;12;4.451183332919847;(0, 255, 0);894
birth;13756.161;902;36;12;3.0377899648647038;(0, 255, 0);892
birth;13757.198;903;36;12;2.8665306337221628;(0, 255, 0);861
death;13757.237;887;12
death;13757.964;872;4
death;13770.186;900;0
birth;13772.67;904;39;12;4.691740375459572;(0, 255, 0);878
birth;13773.492;905;33;12;3.1465945507481115;(0, 255, 0);805
birth;14327.414;906;32;12;3.9490348512843694;(0, 255, 0);805
birth;14328.961;907;37;12;5.905529690807045;(0, 255, 0);898
birth;14332.029;908;40;12;4.225315881326776;(0, 255, 0);904
death;14332.141;891;18
birth;14332.86;909;33;12;3.2689381484213866;(0, 255, 0);895
death;14334.694;882;14
death;14336.961;886;9
birth;14337.063;910;37;12;3.2978982599561935;(0, 255, 0);894
death;14356.871;888;2
birth;14365.432;911;35;12;2.8901369893092457;(0, 255, 0);902
death;14366.125;901;1
death;14374.483;907;0
birth;14407.658;912;34;12;4.021840399305421;(0, 255, 0);911
birth;14408.707;913;34;12;2.8814358521194467;(0, 255, 0);892
death;14408.857;899;4
birth;14408.986;914;35;12;3.971796281642627;(0, 255, 0);895
death;14413.887;904;6
birth;14415.977;915;33;12;4.333685895774485;(0, 255, 0);897
birth;14515.398;916;36;12;5.972562380020264;(0, 255, 0);912
death;14515.656;898;10
death;14516.261;896;5
birth;14517.045;917;33;12;4.292714593482138;(0, 255, 0);912
death;14518.264;905;2
death;14518.972;861;34
death;14521.444;906;4
death;14522.659;908;3
birth;14522.985;918;35;12;5.104655837948492;(0, 255, 0);917
birth;14555.606;919;38;12;2.281032128920555;(0, 255, 0);902
birth;14555.681;920;32;12;2.441539981660292;(0, 255, 0);870
death;14556.125;903;3
death;14559.009;916;0
death;14559.765;911;4
birth;14561.522;921;38;12;2.5539054654718925;(0, 255, 0);878
birth;14561.551;922;36;12;5.861440208451567;(0, 255, 0);914
death;14562.249;805;77
death;14562.9;897;16
birth;14564.092;923;35;12;5.128100377223539;(0, 255, 0);917
birth;14564.697;924;35;12;6.044256487832709;(0, 255, 0);918
birth;14564.801;925;34;12;5.412156026960179;(0, 255, 0);914
birth;14564.895;926;33;12;3.485075055548405;(0, 255, 0);870
death;14588.581;909;5
birth;14590.329;927;36;12;2.6815701050725327;(0, 255, 0);878
death;14590.771;910;4
birth;14591.255;928;37;12;7.986330347869631;(0, 255, 0);924
birth;14592.088;929;34;12;2.6396839905234852;(0, 255, 0);840
birth;14593.432;930;34;12;4.017296302098801;(0, 255, 0);915
death;14594.972;922;0
death;14596.167;894;27
birth;14596.19;931;32;12;4.449978829486213;(0, 255, 0);917
birth;14596.82;932;35;12;4.777280342237983;(0, 255, 0);915
death;14598.242;925;0
death;14599.742;923;0
birth;15312.968;933;31;12;5.084409364879949;(0, 255, 0);931
death;15313.548;912;14
death;15314.661;918;8
death;15316.188;928;2
death;15316.884;895;18
birth;15317.481;934;35;12;3.7995791483435184;(0, 255, 0);892
death;15319.28;924;8
birth;15319.871;935;35;12;5.312840085361868;(0, 255, 0);914
death;15495.631;917;17
death;15495.925;932;0
birth;15496.073;936;34;12;3.350532790314813;(0, 255, 0);892
birth;15498.347;937;35;12;3.1479094285314577;(0, 255, 0);913
death;15499.288;926;2
death;15500.489;933;1
birth;15500.561;938;39;12;2.591244918927062;(0, 255, 0);878
death;15502.1;929;0
birth;15506.051;939;36;12;4.371639772605797;(0, 255, 0);937
death;15814.149;915;19
birth;15814.769;940;36;12;2.992681618533986;(0, 255, 0);937
death;15819.073;931;8
birth;15821.194;941;40;12;2.437764750935281;(0, 255, 0);919
birth;15822.306;942;37;12;3.2802187027958265;(0, 255, 0);919
birth;15823.331;943;35;12;2.819783454157704;(0, 255, 0);913
birth;15823.401;944;32;12;2.065917302246138;(0, 255, 0);920
birth;15824.058;945;37;12;4.406326330455441;(0, 255, 0);937
birth;15824.37;946;37;12;2.6499132759853095;(0, 255, 0);878
death;16702.955;902;22
birth;16703.707;947;38;12;3.205877039540682;(0, 255, 0);921
death;16704.881;935;5
death;16705.913;934;3
birth;16706.229;948;37;12;3.253519508588133;(0, 255, 0);943
birth;16706.415;949;36;12;2.0356382421865105;(0, 255, 0);927
death;16708.34;870;49
birth;16708.866;950;36;12;2.923180575243794;(0, 255, 0);943
birth;16709.797;951;37;12;5.542917540522933;(0, 255, 0);939
birth;16709.98;952;38;12;2.216106680809905;(0, 255, 0);947
death;16710.423;914;26
birth;17185.801;953;39;12;5.657068325932661;(0, 255, 0);951
birth;17188.597;954;41;12;2.0025511080265015;(0, 255, 0);941
birth;17189.897;955;37;12;8.016168317764508;(0, 255, 0);951
death;17190.069;930;9
birth;17190.386;956;36;12;4.389403385966345;(0, 255, 0);878
birth;17196.05;957;35;12;2.431077743064841;(0, 255, 0);892
birth;17198.709;958;37;12;2.9803311637473033;(0, 255, 0);949
death;17217.083;939;9
death;17219.654;953;1
death;17222.069;951;10
death;17223.829;955;3
birth;17234.598;959;36;12;2.812279580508037;(0, 255, 0);913
birth;17240.573;960;37;12;4.2120723006887;(0, 255, 0);942
death;17241.597;940;3
birth;17245.588;961;38;12;3.5704273566930196;(0, 255, 0);878
death;17245.78;944;1
death;17246.03;936;8
birth;17248.964;962;40;12;4.722975240402169;(0, 255, 0);961
birth;17250.507;963;36;12;2.8922678804926583;(0, 255, 0);878
birth;17655.38;964;42;12;5.176015870442418;(0, 255, 0);962
birth;17658.004;965;36;12;3.488397039602502;(0, 255, 0);948
birth;17658.341;966;38;12;4.893205123311752;(0, 255, 0);961
birth;17658.722;967;36;12;3.4906615357265354;(0, 255, 0);942
birth;17660.043;968;36;12;6.105005466283504;(0, 255, 0);956
death;17660.737;950;3
death;17661.232;943;11
death;17664.049;946;4
death;17665.152;945;10
birth;17665.183;969;39;12;4.222631363926737;(0, 255, 0);942
birth;17669.874;970;36;12;3.732719454323292;(0, 255, 0);878
death;17669.937;919;21
death;17671.4;952;2
death;17675.789;959;1
birth;17676.145;971;40;12;2.657144907985806;(0, 255, 0);961
death;17678.193;913;31
death;17678.882;968;3
death;17680.175;920;19
death;17680.27;948;13
death;17680.813;947;14
death;17680.832;921;18
death;17682.64;965;1
birth;17682.911;972;38;12;5.589256560312957;(0, 255, 0);956
birth;17683.836;973;38;12;4.066603622442254;(0, 255, 0);970
birth;17685.0;974;37;12;4.27859760093587;(0, 255, 0);972
death;17685.305;964;5
death;17685.962;960;7
birth;17687.434;975;35;12;2.3720124800203513;(0, 255, 0);892
death;17687.468;954;3
death;17687.901;938;10
birth;17690.854;976;39;12;2.7756158627103282;(0, 255, 0);961
death;17690.944;962;11
birth;17694.236;977;40;12;7.534014056650254;(0, 255, 0);972
death;17694.781;966;6


Start of simulation
2020-04-11 21:34:50.761756
50
greens: 25.0 reds: 25.0 foods: 50 food regeneration/day: 20

birth;11.331;50;15;12;3;(255, 0, 0);15
death;22.833;16;0
death;23.019;8;0
death;23.168;34;0
death;23.539;49;0
death;23.564;45;0
death;23.593;0;0
death;23.741;12;0
death;23.818;19;0
death;23.883;4;0
death;23.948;44;0
death;23.969;42;0
death;24.049;28;0
death;24.082;1;0
death;24.093;29;0
death;24.107;13;0
death;24.118;40;0
death;24.184;10;0
death;24.243;22;0
death;24.514;14;0
death;24.622;35;0
death;24.87;11;0
birth;31.057;51;15;12;3;(255, 0, 0);33
death;32.825;3;1
death;33.106;41;1
death;33.107;47;1
death;33.166;36;1
death;33.196;25;1
death;33.328;24;1
death;33.339;2;1
death;33.379;31;1
death;33.406;6;1
death;33.461;23;1
death;33.731;38;1
death;33.793;9;1
death;38.007;15;3
death;41.794;26;2
death;41.814;39;2
death;42.21;27;2
death;42.226;21;2
death;42.274;17;2
death;42.441;7;2
death;42.758;30;2
birth;43.61;52;16;12;4.35622320713783;(0, 255, 0);20
death;47.048;51;0
death;50.765;50;2
birth;51.056;53;16;12;2.1213274614017656;(0, 255, 0);18
death;54.193;33;5
birth;54.312;54;15;12;3.8529698643747583;(0, 255, 0);52
birth;56.582;55;16;12;4.626314629361593;(0, 255, 0);52
birth;57.747;56;17;12;3.0004239214636965;(0, 255, 0);46
birth;58.984;57;17;12;2.9880029510964734;(0, 255, 0);53
birth;59.816;58;17;12;4.236225497416892;(0, 255, 0);54
death;59.922;5;4
death;60.308;32;4
birth;61.662;59;15;12;6.915628644307662;(0, 255, 0);55
birth;64.362;60;17;12;5.613504622836618;(0, 255, 0);52
birth;67.835;61;17;12;8.192513464170853;(0, 255, 0);60
death;68.517;37;5
birth;69.279;62;16;12;4.423355224771527;(0, 255, 0);56
birth;70.898;63;18;12;3.054766401435937;(0, 255, 0);58
birth;72.518;64;18;12;6.302399671678924;(0, 255, 0);60
death;74.724;20;7
death;76.548;59;2
death;77.473;48;6
birth;77.626;65;19;12;5.169421602632821;(0, 255, 0);64
death;77.856;57;0
death;78.192;61;1
birth;79.118;66;18;12;7.463225602865497;(0, 255, 0);60
birth;79.17;67;19;12;7.59690056646123;(0, 255, 0);64
birth;81.387;68;19;12;6.830100666956895;(0, 255, 0);66
death;83.693;18;8
birth;84.839;69;18;12;4.832884542286279;(0, 255, 0);64
death;85.634;52;10
death;86.3;67;0
birth;86.329;70;18;12;6.8665814327846775;(0, 255, 0);64
death;86.985;62;1
birth;87.646;71;19;12;5.369140071170303;(0, 255, 0);64
death;88.229;43;7
birth;88.923;72;17;12;3.76511678351865;(0, 255, 0);54
birth;90.172;73;18;12;6.296450097322724;(0, 255, 0);69
birth;91.743;74;16;12;2.2654495248426856;(0, 255, 0);46
death;92.362;66;3
birth;92.657;75;20;12;7.388378200703642;(0, 255, 0);65
birth;93.491;76;19;12;3.4010140905870774;(0, 255, 0);69
birth;94.881;77;17;12;5.2115846358828986;(0, 255, 0);69
death;95.651;68;1
death;95.964;55;7
birth;97.119;78;17;12;2.7449944373886477;(0, 255, 0);46
death;104.612;70;2
death;105.666;71;1
birth;106.751;79;16;12;3.737757150057634;(0, 255, 0);77
birth;107.559;80;18;12;4.576194740369649;(0, 255, 0);65
birth;110.162;81;19;12;3.8194092840670057;(0, 255, 0);65
birth;110.821;82;19;12;4.187641258656222;(0, 255, 0);65
birth;111.362;83;17;12;3.693835595601924;(0, 255, 0);79
death;112.371;72;1
death;112.683;60;13
birth;112.796;84;14;12;2.880436899689876;(0, 255, 0);46
death;113.456;56;6
birth;113.723;85;18;12;7.290240824158341;(0, 255, 0);65
death;114.079;75;3
death;114.272;73;3
birth;114.721;86;18;12;5.340236619787715;(0, 255, 0);65
death;116.502;64;17
death;118.14;69;9
death;121.941;53;5
death;122.222;85;0
death;122.529;76;1
birth;122.759;87;18;12;3.121140984521347;(0, 255, 0);82
birth;125.407;88;21;12;6.087049718162682;(0, 255, 0);82
death;125.838;54;11
death;126.385;74;1
death;127.07;86;0
death;127.746;81;0
death;127.938;58;10
death;128.021;63;4
birth;130.306;89;19;12;7.623724607066314;(0, 255, 0);77
death;131.171;65;20
death;132.392;80;2
birth;135.477;90;20;12;5.008474048469708;(0, 255, 0);82
death;136.03;88;0
birth;137.264;91;19;12;10.47690060805651;(0, 255, 0);89
birth;138.882;92;22;12;6.44465989924316;(0, 255, 0);90
birth;139.436;93;14;12;3.2167258777560983;(0, 255, 0);46
birth;140.413;94;20;12;5.909952062832009;(0, 255, 0);90
birth;140.915;95;19;12;7.658608992776084;(0, 255, 0);77
death;141.153;83;2
birth;142.427;96;19;12;7.540092519835341;(0, 255, 0);89
death;142.805;91;0
birth;142.839;97;18;12;7.022225449036229;(0, 255, 0);89
birth;142.929;98;21;12;10.017101608760239;(0, 255, 0);89
birth;143.082;99;18;12;3.667870273975773;(0, 255, 0);77
birth;143.232;100;19;12;3.7928998073173057;(0, 255, 0);90
birth;143.38;101;15;12;2.471388070950087;(0, 255, 0);93
birth;144.668;102;22;12;9.84388734256865;(0, 255, 0);98
birth;144.713;103;19;12;7.344119839288016;(0, 255, 0);96
birth;144.944;104;19;12;8.647727268983406;(0, 255, 0);103
birth;148.868;105;17;12;2.6668093832529634;(0, 255, 0);99
birth;149.532;106;15;12;3.4031197667790076;(0, 255, 0);101
birth;150.037;107;18;12;9.623195780122872;(0, 255, 0);97
death;151.513;95;0
death;151.868;87;1
birth;153.011;108;19;12;12.145597737048789;(0, 255, 0);107
death;153.743;98;3
death;155.029;78;3
death;155.364;104;0
death;155.435;79;6


